1 0.70546875 0.140625 0.0375 0.0671875
8 0.7421875 0.15078125 0.034375 0.0734375
9 0.77890625 0.159375 0.0421875 0.0796875
4 0.82265625 0.1625 0.046875 0.0796875
1 0.27578125 0.6 0.0375 0.08125
9 0.3140625 0.6125 0.0421875 0.084375
7 0.35625 0.61328125 0.046875 0.0984375
2 0.44140625 0.43671875 0.0390625 0.059375
2 0.4984375 0.44140625 0.0421875 0.06875
5 0.55625 0.4640625 0.0421875 0.04375
4 0.5578125 0.42421875 0.0390625 0.0484375
0 0.61484375 0.46953125 0.0359375 0.0375
9 0.61640625 0.43046875 0.0359375 0.0390625