1 0.1375 0.19609375 0.03125 0.075
8 0.17578125 0.2125 0.03125 0.0671875
7 0.21484375 0.2140625 0.0265625 0.059375
5 0.2578125 0.19609375 0.025 0.0546875
6 0.25703125 0.24453125 0.03125 0.059375
9 0.76015625 0.01171875 0.0453125 0.0234375
3 0.2015625 0.79765625 0.04375 0.075
5 0.1546875 0.7953125 0.0375 0.0703125
1 0.11015625 0.79140625 0.034375 0.071875
2 0.0703125 0.78046875 0.0390625 0.065625
1 0.796875 0.6140625 0.0234375 0.078125
1 0.91796875 0.65390625 0.040625 0.075
7 0.83203125 0.62109375 0.0328125 0.0625
9 0.87421875 0.625 0.0328125 0.084375