0 0.646875 0.12890625 0.0359375 0.06875
0 0.68828125 0.12734375 0.0375 0.06875
1 0.728125 0.11640625 0.03125 0.065625
7 0.765625 0.10625 0.05 0.075
8 0.7796875 0.15390625 0.046875 0.04375
3 0.01015625 0.51640625 0.0203125 0.0703125
2 0.03984375 0.515625 0.034375 0.0640625
2 0.0796875 0.46953125 0.0375 0.078125
0 0.13203125 0.53828125 0.0453125 0.071875
3 0.0875 0.5390625 0.0359375 0.0625
2 0.50703125 0.634375 0.0515625 0.075
2 0.56484375 0.62578125 0.046875 0.071875
5 0.62734375 0.61796875 0.040625 0.0734375
2 0.67734375 0.5875 0.040625 0.0484375
3 0.6859375 0.62578125 0.0375 0.040625