3 0.67734375 0.0703125 0.021875 0.0359375
6 0.70234375 0.07734375 0.021875 0.040625
7 0.725 0.0828125 0.0234375 0.040625
1 0.75 0.0875 0.021875 0.0390625
8 0.778125 0.1015625 0.0234375 0.0375
2 0.05078125 0.60234375 0.0625 0.1046875
6 0.10078125 0.609375 0.0578125 0.0921875
0 0.13359375 0.5890625 0.05625 0.1015625
2 0.16875 0.55 0.0578125 0.0640625
3 0.1765625 0.60234375 0.0734375 0.084375
2 0.88203125 0.67421875 0.059375 0.08125
3 0.92265625 0.671875 0.05 0.08125
3 0.9640625 0.6640625 0.05 0.0828125
8 0.98984375 0.6640625 0.0203125 0.0875