1 0.6421875 0.31796875 0.0234375 0.0578125
1 0.71796875 0.309375 0.0296875 0.0578125
8 0.68203125 0.33125 0.0328125 0.05625
9 0.759375 0.309375 0.0375 0.0546875
0 0.765625 0.34765625 0.03125 0.0234375
2 0.14765625 0.45703125 0.0546875 0.0828125
1 0.19375 0.46171875 0.040625 0.08125
2 0.234375 0.459375 0.046875 0.0875
0 0.27734375 0.45078125 0.053125 0.0875
2 0.4828125 0.3921875 0.046875 0.065625
1 0.5265625 0.39453125 0.0375 0.0703125
9 0.56875 0.3953125 0.05 0.071875
5 0.6140625 0.396875 0.053125 0.075