3 0.040625 0.44375 0.04375 0.071875
2 0.07578125 0.4546875 0.0375 0.065625
5 0.11953125 0.45859375 0.0515625 0.0765625
8 0.1578125 0.47734375 0.05 0.0453125
0 0.74140625 0.134375 0.040625 0.0703125
0 0.7828125 0.1390625 0.0421875 0.071875
1 0.821875 0.14375 0.034375 0.065625
5 0.8703125 0.13671875 0.0625 0.08125
6 0.859375 0.19609375 0.05625 0.0609375
3 0.3234375 0.75 0.04375 0.071875
2 0.36171875 0.7609375 0.0390625 0.065625
3 0.45859375 0.73671875 0.0546875 0.0765625
1 0.41171875 0.740625 0.04375 0.0796875
0 0.44140625 0.80703125 0.05 0.0734375
0 0.5828125 0.5109375 0.05625 0.021875