0 0.40625 0.06640625 0.03125 0.0671875
0 0.44296875 0.06953125 0.0328125 0.0671875
1 0.48515625 0.06875 0.0265625 0.0640625
2 0.5265625 0.08828125 0.04375 0.0703125
2 0.8390625 0.02421875 0.05625 0.0484375
1 0.90078125 0.02421875 0.0359375 0.0484375
5 0.97265625 0.03828125 0.0546875 0.0765625
2 0.021875 0.675 0.04375 0.03125
2 0.07578125 0.67890625 0.0359375 0.0390625
0 0.13359375 0.6765625 0.0390625 0.034375
3 0.19296875 0.68359375 0.0421875 0.0484375
0 0.734375 0.69296875 0.03125 0.0671875
0 0.77578125 0.6921875 0.0328125 0.065625
1 0.81640625 0.690625 0.0265625 0.0625
5 0.8625 0.6859375 0.053125 0.053125
6 0.86171875 0.73046875 0.05 0.0671875