0 0.1609375 0.2546875 0.040625 0.0703125
0 0.19921875 0.26171875 0.0421875 0.071875
1 0.2375 0.26953125 0.034375 0.065625
3 0.2796875 0.2875 0.0546875 0.078125
2 0.5984375 0.18203125 0.0609375 0.103125
5 0.64609375 0.18984375 0.0453125 0.0828125
5 0.72734375 0.2203125 0.0578125 0.0921875
5 0.68046875 0.2046875 0.05 0.090625
2 0.15625 0.49296875 0.059375 0.08125
1 0.21015625 0.50546875 0.0515625 0.075
9 0.26875 0.52421875 0.059375 0.08125
4 0.3296875 0.5234375 0.046875 0.06875
2 0.528125 0.671875 0.01875 0.06875
9 0.56484375 0.68515625 0.0515625 0.065625
5 0.62265625 0.69921875 0.05625 0.071875