2 0.3390625 0.0890625 0.04375 0.0609375
2 0.39609375 0.09765625 0.046875 0.0703125
5 0.4515625 0.12421875 0.04375 0.046875
4 0.45625 0.084375 0.0421875 0.05
0 0.51015625 0.134375 0.0390625 0.0390625
9 0.5140625 0.0953125 0.0375 0.0421875
2 0.13046875 0.446875 0.0484375 0.065625
2 0.18828125 0.46171875 0.0375 0.05625
0 0.2453125 0.46328125 0.0453125 0.0578125
4 0.30078125 0.48203125 0.0375 0.0484375
3 0.30390625 0.44609375 0.040625 0.0328125
1 0.728125 0.65546875 0.04375 0.0828125
9 0.76484375 0.6703125 0.046875 0.0859375
7 0.8078125 0.67578125 0.053125 0.1015625
4 0.84765625 0.68359375 0.0484375 0.090625