1 0.0171875 0.078125 0.034375 0.065625
2 0.06171875 0.08515625 0.05625 0.0765625
0 0.39921875 0.03359375 0.0390625 0.0671875
0 0.43828125 0.03046875 0.0453125 0.0609375
1 0.4765625 0.02109375 0.0375 0.0421875
7 0.50859375 0.01015625 0.0421875 0.0203125
8 0.5265625 0.0375 0.053125 0.065625
9 0.1015625 0.6671875 0.0546875 0.0765625
9 0.059375 0.67734375 0.0453125 0.078125
8 0.02421875 0.6828125 0.0484375 0.071875
0 0.39453125 0.48671875 0.0296875 0.0703125
0 0.42734375 0.4828125 0.0421875 0.059375
0 0.503125 0.45234375 0.04375 0.0453125
1 0.46796875 0.471875 0.0390625 0.06875
1 0.51796875 0.4984375 0.040625 0.0453125