0 0.01328125 0.19765625 0.0265625 0.0703125
0 0.04296875 0.20703125 0.0453125 0.071875
1 0.08125 0.215625 0.0375 0.065625
4 0.11953125 0.25 0.0578125 0.0796875
1 0.78203125 0.32265625 0.0484375 0.0765625
9 0.81796875 0.334375 0.05 0.0828125
5 0.85703125 0.3546875 0.053125 0.0828125
7 0.896875 0.35859375 0.05625 0.0828125
2 0.03515625 0.70078125 0.05 0.078125
0 0.0765625 0.7046875 0.0484375 0.0765625
3 0.1125 0.71875 0.053125 0.084375
7 0.15390625 0.7296875 0.0578125 0.0890625
3 0.8921875 0.70859375 0.0453125 0.071875
2 0.93046875 0.7203125 0.040625 0.065625
2 0.97109375 0.73125 0.046875 0.0796875
4 0.990625 0.76875 0.01875 0.075