3 0.46875 0.203125 0.021875 0.078125
1 0.43984375 0.1921875 0.0484375 0.071875
2 0.39921875 0.18359375 0.0453125 0.0765625
0 0.584375 0.16953125 0.0375 0.06875
0 0.62265625 0.175 0.0390625 0.0703125
1 0.66171875 0.18046875 0.0328125 0.065625
3 0.7078125 0.178125 0.0515625 0.0765625
4 0.70390625 0.23359375 0.046875 0.0515625
2 0.49453125 0.81953125 0.0296875 0.0703125
5 0.5421875 0.84765625 0.0453125 0.046875
4 0.54765625 0.80859375 0.0421875 0.0515625
0 0.6 0.85859375 0.0390625 0.040625
9 0.6046875 0.8203125 0.0390625 0.0421875