1 0.02421875 0.15390625 0.0328125 0.08125
8 0.0640625 0.1625 0.0390625 0.075
3 0.146875 0.1796875 0.046875 0.0796875
4 0.10078125 0.15625 0.040625 0.08125
8 0.53125 0.0765625 0.04375 0.0625
9 0.53828125 0.125 0.0375 0.0390625
0 0.134375 0.41640625 0.034375 0.0140625
2 0.2109375 0.42109375 0.0375 0.0234375
0 0.60234375 0.59453125 0.034375 0.06875
0 0.63984375 0.59296875 0.0359375 0.06875
1 0.68125 0.5859375 0.028125 0.0640625
1 0.71953125 0.55703125 0.0359375 0.0671875
2 0.7265625 0.61640625 0.0453125 0.0625