1 0.259375 0.01953125 0.01875 0.0390625
2 0.38359375 0.25546875 0.05 0.084375
1 0.42734375 0.2578125 0.040625 0.0859375
9 0.46953125 0.26171875 0.0515625 0.0796875
5 0.51484375 0.25859375 0.05625 0.0890625
1 0.19140625 0.671875 0.0375 0.0640625
7 0.234375 0.675 0.0390625 0.0703125
9 0.2578125 0.6765625 0.021875 0.078125
2 0.3171875 0.765625 0.0328125 0.0640625
5 0.33984375 0.7671875 0.0265625 0.0546875
3 0.36328125 0.7734375 0.025 0.0546875
0 0.38359375 0.7734375 0.028125 0.0515625
0 0.609375 0.8234375 0.0234375 0.05
5 0.62265625 0.828125 0.015625 0.0421875
8 0.63359375 0.828125 0.0203125 0.0390625
2 0.64765625 0.82890625 0.0171875 0.04375
0 0.78671875 0.8640625 0.0109375 0.0296875
0 0.73359375 0.47265625 0.0109375 0.0296875
5 0.62265625 0.82890625 0.015625 0.0390625
5 0.8015625 0.86640625 0.0140625 0.0328125
5 0.71875 0.46484375 0.0125 0.0296875
8 0.72578125 0.4671875 0.0125 0.034375
2 0.7421875 0.47890625 0.0125 0.034375
2 0.77890625 0.8625 0.009375 0.0296875
3 0.79375 0.86484375 0.0109375 0.03125