8 0.03046875 0.03046875 0.0390625 0.0609375
3 0.1140625 0.040625 0.046875 0.0796875
4 0.0671875 0.02890625 0.040625 0.0578125
2 0.7015625 0.25859375 0.040625 0.0578125
2 0.7578125 0.25546875 0.0390625 0.059375
4 0.81640625 0.25234375 0.0375 0.05625
7 0.871875 0.221875 0.0296875 0.0328125
8 0.8765625 0.25859375 0.0328125 0.0453125
0 0.36875 0.746875 0.034375 0.06875
0 0.40546875 0.74453125 0.0359375 0.06875
0 0.48203125 0.7296875 0.0359375 0.059375
2 0.44609375 0.75625 0.0375 0.0703125
1 0.48671875 0.7796875 0.0265625 0.034375
1 0.77265625 0.72109375 0.025 0.0625
7 0.8125 0.7265625 0.03125 0.0671875
8 0.84921875 0.72890625 0.0328125 0.065625
3 0.89375 0.74921875 0.0328125 0.0609375
2 0.8890625 0.69921875 0.0359375 0.0453125