0 0.24609375 0.24609375 0.04375 0.071875
0 0.2875 0.23984375 0.0453125 0.0703125
1 0.325 0.22421875 0.0375 0.065625
7 0.3609375 0.209375 0.0578125 0.078125
8 0.38125 0.25546875 0.05 0.0484375
2 0.6125 0.484375 0.025 0.065625
5 0.646875 0.46875 0.053125 0.078125
8 0.69453125 0.478125 0.053125 0.0671875
2 0.134375 0.71484375 0.0625 0.0828125
1 0.1921875 0.7015625 0.059375 0.0859375
5 0.2640625 0.68359375 0.0625 0.084375
5 0.33203125 0.66953125 0.065625 0.08125
0 0.76328125 0.8890625 0.0328125 0.04375
0 0.79609375 0.878125 0.0328125 0.046875
8 0.828125 0.87421875 0.025 0.040625
7 0.86015625 0.86484375 0.0359375 0.04375