1 0.2953125 0.05234375 0.0421875 0.0796875
9 0.33671875 0.06171875 0.0390625 0.071875
1 0.375 0.05546875 0.0328125 0.0609375
4 0.41953125 0.071875 0.0390625 0.0640625
0 0.65 0.2890625 0.0359375 0.06875
0 0.69140625 0.2796875 0.0375 0.06875
1 0.7296875 0.271875 0.0296875 0.0640625
4 0.771875 0.2375 0.05 0.075
5 0.78046875 0.3046875 0.053125 0.0625
0 0.0875 0.98984375 0.0375 0.0203125
0 0.13359375 0.984375 0.0515625 0.03125
2 0.55078125 0.66875 0.0390625 0.0375
1 0.59609375 0.675 0.0328125 0.0359375