2 0.02421875 0.26484375 0.0484375 0.0796875
1 0.06796875 0.27890625 0.0359375 0.0796875
2 0.10859375 0.28515625 0.04375 0.0859375
0 0.15234375 0.284375 0.05 0.0859375
5 0.71953125 0.009375 0.0484375 0.01875
7 0.7953125 0.015625 0.05 0.03125
3 0.31640625 0.75703125 0.021875 0.034375
4 0.34375 0.75625 0.021875 0.0359375
1 0.3671875 0.7546875 0.01875 0.03125
2 0.39453125 0.75625 0.01875 0.0359375
2 0.51171875 0.5953125 0.04375 0.0703125
1 0.5703125 0.6 0.0359375 0.0671875
5 0.6375 0.60703125 0.0484375 0.065625
1 0.70859375 0.590625 0.034375 0.0625
2 0.7078125 0.63203125 0.0390625 0.0296875