1 0.3375 0.10078125 0.0265625 0.0578125
7 0.37734375 0.10546875 0.034375 0.0609375
8 0.415625 0.10234375 0.034375 0.0625
3 0.4578125 0.08671875 0.0375 0.0609375
4 0.4640625 0.13359375 0.0359375 0.0421875
0 0.01953125 0.6703125 0.0390625 0.0703125
1 0.05625 0.66171875 0.03125 0.0640625
5 0.1 0.653125 0.059375 0.046875
6 0.1109375 0.69765625 0.0546875 0.059375
1 0.6 0.9328125 0.021875 0.078125
9 0.6359375 0.9359375 0.0515625 0.0875
9 0.67734375 0.93984375 0.046875 0.0796875
4 0.71875 0.9265625 0.053125 0.078125