2 0.2859375 0.1875 0.05 0.06875
7 0.32578125 0.20078125 0.05 0.084375
6 0.36953125 0.19921875 0.0453125 0.0890625
9 0.41953125 0.2125 0.0546875 0.0703125
3 0.365625 0.578125 0.0359375 0.06875
2 0.40625 0.57890625 0.03125 0.0625
5 0.4484375 0.540625 0.04375 0.0734375
0 0.49609375 0.6 0.04375 0.0640625
9 0.48828125 0.54609375 0.03125 0.0453125
6 0.45234375 0.60234375 0.034375 0.05
1 0.77890625 0.68125 0.0234375 0.0546875
7 0.81640625 0.68671875 0.0296875 0.0578125
8 0.85703125 0.68671875 0.03125 0.05625
3 0.89765625 0.67421875 0.0375 0.05625
4 0.903125 0.72265625 0.0359375 0.0421875