8 0.03046875 0.30234375 0.0265625 0.05625
2 0.0703125 0.30234375 0.0296875 0.0609375
8 0.1140625 0.29140625 0.0328125 0.053125
9 0.1109375 0.33671875 0.025 0.04375
3 0.69921875 0.10390625 0.03125 0.06875
2 0.73828125 0.10703125 0.0265625 0.0625
3 0.8265625 0.1546875 0.0390625 0.0671875
2 0.82578125 0.0859375 0.040625 0.046875
4 0.7828125 0.10625 0.0359375 0.075
2 0.55 0.68046875 0.040625 0.06875
1 0.60859375 0.68203125 0.0328125 0.065625
5 0.6765625 0.68515625 0.0453125 0.0625
5 0.75078125 0.6859375 0.046875 0.06875