0 0.209375 0.0078125 0.034375 0.015625
0 0.24765625 0.00703125 0.0359375 0.0140625
2 0.3328125 0.0109375 0.046875 0.021875
0 0.17421875 0.4703125 0.034375 0.06875
0 0.215625 0.4703125 0.0359375 0.0671875
1 0.25546875 0.465625 0.028125 0.0640625
8 0.29375 0.459375 0.046875 0.0625
9 0.30234375 0.5078125 0.0375 0.0390625
1 0.6546875 0.74296875 0.0296875 0.0734375
9 0.69609375 0.75 0.0390625 0.0828125
9 0.73828125 0.7546875 0.0359375 0.0765625
8 0.77421875 0.7328125 0.0453125 0.0703125
9 0.77890625 0.78671875 0.0453125 0.053125