0 0.11875 0.23984375 0.0375 0.0703125
0 0.16015625 0.23828125 0.0390625 0.06875
1 0.19921875 0.23203125 0.03125 0.065625
8 0.2375 0.2234375 0.0484375 0.0640625
9 0.2484375 0.271875 0.0390625 0.040625
0 0.9703125 0.16796875 0.0375 0.0703125
0 0.99609375 0.15703125 0.0078125 0.0703125
2 0.1125 0.496875 0.046875 0.08125
1 0.1625 0.48671875 0.04375 0.075
9 0.22109375 0.4734375 0.0515625 0.06875
9 0.2796875 0.47265625 0.046875 0.0671875
0 0.7109375 0.75546875 0.0390625 0.0640625
7 0.66171875 0.7015625 0.0359375 0.053125
9 0.70390625 0.696875 0.0421875 0.075
8 0.66875 0.74921875 0.0359375 0.046875