0 0.23671875 0.259375 0.0296875 0.065625
0 0.27578125 0.259375 0.03125 0.0671875
1 0.31484375 0.259375 0.0234375 0.0625
2 0.36015625 0.22265625 0.040625 0.06875
3 0.36171875 0.2890625 0.04375 0.071875
0 0.77734375 0.025 0.0296875 0.05
0 0.815625 0.025 0.03125 0.05
1 0.85546875 0.02421875 0.0234375 0.0484375
4 0.90078125 0.0421875 0.04375 0.071875
0 0.18828125 0.640625 0.0296875 0.065625
0 0.22734375 0.640625 0.03125 0.0671875
1 0.26640625 0.640625 0.0234375 0.0625
3 0.31171875 0.63203125 0.0421875 0.071875
4 0.315625 0.6875 0.0421875 0.0453125