0 0.315625 0.18515625 0.0359375 0.06875
0 0.35625 0.19453125 0.0375 0.06875
1 0.396875 0.19296875 0.03125 0.065625
7 0.43515625 0.18515625 0.0359375 0.0609375
8 0.43359375 0.23671875 0.0484375 0.0625
2 0.5609375 0.140625 0.0484375 0.071875
1 0.62421875 0.14921875 0.0375 0.06875
5 0.6859375 0.159375 0.0515625 0.0671875
8 0.76171875 0.17421875 0.0546875 0.0671875
2 0.33046875 0.70234375 0.0421875 0.059375
2 0.38671875 0.71171875 0.0421875 0.0578125
2 0.44296875 0.72265625 0.0328125 0.0515625
0 0.6046875 0.69765625 0.0375 0.0578125
0 0.64453125 0.6953125 0.0359375 0.053125
0 0.73046875 0.6875 0.0390625 0.0375
1 0.6875 0.7 0.03125 0.0625
1 0.725 0.7359375 0.0375 0.053125