0 0.2015625 0.11640625 0.040625 0.0703125
0 0.2421875 0.1125 0.0421875 0.0703125
1 0.2765625 0.10625 0.034375 0.065625
9 0.31953125 0.090625 0.0546875 0.0765625
0 0.32890625 0.1359375 0.0421875 0.046875
3 0.87578125 0.2046875 0.0421875 0.071875
2 0.91171875 0.19609375 0.0375 0.0640625
5 0.99140625 0.19921875 0.0171875 0.0734375
3 0.95234375 0.18515625 0.040625 0.0625
4 0.9828125 0.1421875 0.034375 0.053125
0 0.27109375 0.690625 0.040625 0.0703125
0 0.3125 0.68671875 0.0421875 0.0703125
1 0.3515625 0.67265625 0.034375 0.065625
7 0.38359375 0.6375 0.040625 0.0625
8 0.3953125 0.69296875 0.0515625 0.065625