1 0.3609375 0.1109375 0.028125 0.059375
8 0.39921875 0.1296875 0.03125 0.059375
2 0.4390625 0.1328125 0.034375 0.0640625
8 0.4828125 0.12578125 0.0359375 0.0546875
9 0.47578125 0.1703125 0.0296875 0.046875
1 0.81875 0.28046875 0.0296875 0.0671875
8 0.85625 0.30078125 0.028125 0.05625
2 0.89375 0.30625 0.03125 0.0578125
5 0.9328125 0.3328125 0.0375 0.065625
3 0.18203125 0.78203125 0.0359375 0.0703125
2 0.22109375 0.7875 0.0328125 0.0640625
3 0.30625 0.79609375 0.0453125 0.0703125
5 0.265625 0.78984375 0.0453125 0.075