0 0.0125 0.24453125 0.025 0.0703125
0 0.03984375 0.2375 0.04375 0.071875
0 0.11640625 0.2125 0.046875 0.0640625
2 0.08125 0.24375 0.0453125 0.071875
1 0.12890625 0.26171875 0.0359375 0.0390625
2 0.76484375 0.25078125 0.0734375 0.0765625
1 0.8234375 0.23828125 0.06875 0.1015625
5 0.89453125 0.22421875 0.065625 0.0953125
5 0.95859375 0.20546875 0.0828125 0.1203125
5 0.01953125 0.33046875 0.0390625 0.0828125
5 0.07734375 0.3234375 0.0640625 0.06875
0 0.53984375 0.4859375 0.0421875 0.0703125
0 0.58125 0.48046875 0.04375 0.0703125
1 0.61953125 0.46484375 0.0375 0.065625
7 0.66015625 0.4703125 0.0546875 0.065625