2 0.20546875 0.13828125 0.034375 0.05625
2 0.26328125 0.13984375 0.0390625 0.053125
4 0.3203125 0.13984375 0.0328125 0.0515625
5 0.38046875 0.14296875 0.0375 0.0484375
4 0.378125 0.1046875 0.040625 0.0328125
2 0.5625 0.253125 0.0453125 0.0984375
6 0.61015625 0.26953125 0.0421875 0.0859375
0 0.64609375 0.25546875 0.0390625 0.096875
2 0.68828125 0.22421875 0.0484375 0.05625
3 0.6859375 0.2765625 0.0625 0.075
1 0.70859375 0.70703125 0.034375 0.0765625
8 0.746875 0.72265625 0.0328125 0.06875
5 0.7859375 0.72265625 0.028125 0.059375
8 0.828125 0.74765625 0.028125 0.05625