1 0.503125 0.1234375 0.046875 0.071875
8 0.54453125 0.12265625 0.046875 0.075
8 0.5875 0.12421875 0.0453125 0.0578125
0 0.625 0.11015625 0.0546875 0.0625
1 0.203125 0.5328125 0.0359375 0.0640625
7 0.24296875 0.53125 0.040625 0.06875
8 0.2796875 0.5265625 0.04375 0.06875
3 0.32734375 0.5390625 0.0421875 0.0640625
2 0.3140625 0.490625 0.040625 0.0484375
0 0.81015625 0.58359375 0.0328125 0.04375
0 0.84296875 0.57265625 0.0328125 0.046875
8 0.875 0.56796875 0.025 0.040625
7 0.90703125 0.5578125 0.0359375 0.0453125