0 0.115625 0.27734375 0.040625 0.0703125
0 0.15546875 0.2890625 0.0421875 0.0703125
1 0.19609375 0.29140625 0.0359375 0.065625
7 0.23203125 0.30703125 0.05625 0.0765625
0 0.9046875 0.046875 0.040625 0.0703125
0 0.94296875 0.05390625 0.0421875 0.071875
1 0.98125 0.06171875 0.034375 0.065625
1 0.0796875 0.70703125 0.0328125 0.0625
9 0.11328125 0.72890625 0.040625 0.0640625
9 0.1953125 0.728125 0.0375 0.0546875
8 0.1484375 0.76171875 0.0328125 0.0484375
7 0.1546875 0.71328125 0.034375 0.05
0 0.18359375 0.78046875 0.040625 0.0609375
8 0.6421875 0.63125 0.046875 0.078125
9 0.68203125 0.64375 0.0484375 0.0703125
3 0.71953125 0.65703125 0.0546875 0.08125