1 0.1609375 0.22421875 0.0453125 0.0796875
8 0.2015625 0.23359375 0.0421875 0.071875
4 0.23984375 0.22890625 0.0359375 0.0625
4 0.28515625 0.25 0.0359375 0.059375
1 0.67578125 0.134375 0.0140625 0.08125
8 0.70390625 0.14375 0.0421875 0.0765625
1 0.74453125 0.1328125 0.053125 0.0875
6 0.78359375 0.1296875 0.05 0.075
1 0.3296875 0.771875 0.028125 0.059375
7 0.36953125 0.77578125 0.0359375 0.0609375
8 0.4078125 0.77109375 0.0359375 0.0625
3 0.44921875 0.753125 0.0390625 0.0625
4 0.45703125 0.80078125 0.0359375 0.04375
3 0.9265625 0.52890625 0.05 0.0703125
3 0.9921875 0.5015625 0.015625 0.059375
1 0.96640625 0.5203125 0.040625 0.075