1 0.740625 0.3234375 0.03125 0.08125
8 0.78046875 0.33203125 0.0390625 0.0734375
3 0.86171875 0.33984375 0.0453125 0.0578125
4 0.81640625 0.3265625 0.0390625 0.0796875
2 0.0703125 0.4046875 0.04375 0.0703125
1 0.12890625 0.4015625 0.0359375 0.065625
5 0.19609375 0.4 0.0484375 0.0625
1 0.2625 0.39296875 0.034375 0.0484375
3 0.61640625 0.7421875 0.0328125 0.06875
2 0.653125 0.7421875 0.0296875 0.0625
8 0.73984375 0.7109375 0.0421875 0.0703125
5 0.69609375 0.734375 0.0421875 0.0734375
9 0.740625 0.771875 0.04375 0.0625