3 0.5828125 0.303125 0.028125 0.071875
2 0.61484375 0.3109375 0.0375 0.065625
3 0.68984375 0.3703125 0.05 0.0734375
2 0.70078125 0.30859375 0.0484375 0.053125
4 0.6578125 0.31953125 0.0484375 0.0796875
2 0.0375 0.4953125 0.053125 0.071875
1 0.0953125 0.50703125 0.04375 0.0703125
5 0.1609375 0.5234375 0.05625 0.0703125
5 0.2421875 0.50546875 0.059375 0.0765625
6 0.23359375 0.5546875 0.05625 0.04375
1 0.596875 0.47265625 0.034375 0.0265625
5 0.6453125 0.47265625 0.0625 0.0265625
6 0.634375 0.50546875 0.0578125 0.0625