0 0.02265625 0.03359375 0.0421875 0.0671875
0 0.06484375 0.0390625 0.04375 0.071875
1 0.10390625 0.04453125 0.0359375 0.065625
5 0.1484375 0.0359375 0.05 0.053125
6 0.1421875 0.0921875 0.0609375 0.0734375
3 0.45703125 0.121875 0.0140625 0.0234375
3 0.46796875 0.1296875 0.0125 0.025
0 0.44296875 0.1140625 0.015625 0.025
7 0.43203125 0.10546875 0.0140625 0.028125
0 0.23828125 0.64140625 0.0421875 0.0703125
0 0.2765625 0.64921875 0.04375 0.071875
1 0.31484375 0.65703125 0.0359375 0.065625
2 0.35234375 0.65078125 0.0328125 0.0765625
3 0.35078125 0.7078125 0.0359375 0.05625
2 0.74296875 0.66640625 0.0546875 0.075
1 0.79921875 0.68046875 0.0453125 0.0703125
5 0.865625 0.69765625 0.05625 0.0703125
2 0.93515625 0.7140625 0.05 0.075