3 0.29765625 0.34921875 0.040625 0.071875
2 0.3375 0.34453125 0.0375 0.065625
3 0.41875 0.2859375 0.0515625 0.075
2 0.3796875 0.33828125 0.0421875 0.078125
4 0.42890625 0.3546875 0.0484375 0.06875
0 0.72890625 0.04453125 0.0390625 0.0703125
0 0.7703125 0.04140625 0.040625 0.0703125
1 0.809375 0.03359375 0.034375 0.065625
8 0.84765625 0.028125 0.0515625 0.05625
9 0.86015625 0.07109375 0.040625 0.040625
8 0.35859375 0.6703125 0.04375 0.075
3 0.40078125 0.665625 0.0375 0.0640625
2 0.4390625 0.6546875 0.046875 0.06875
5 0.46328125 0.64609375 0.0109375 0.0734375
2 0.56640625 0.4203125 0.0515625 0.0625
1 0.6296875 0.41328125 0.040625 0.0484375
5 0.69140625 0.409375 0.0546875 0.040625