2 0.39375 0.09921875 0.0578125 0.09375
2 0.4734375 0.13125 0.0546875 0.0921875
5 0.5171875 0.15390625 0.0671875 0.0796875
1 0.43203125 0.1171875 0.05 0.084375
3 0.8703125 0.209375 0.0171875 0.028125
3 0.91171875 0.2171875 0.015625 0.0265625
0 0.93203125 0.21875 0.01875 0.028125
7 0.89140625 0.2109375 0.015625 0.0265625
0 0.05 0.88671875 0.04375 0.071875
0 0.09140625 0.89375 0.0453125 0.071875
1 0.12890625 0.9109375 0.0390625 0.0671875
6 0.17421875 0.91875 0.0625 0.075
7 0.159375 0.96640625 0.0453125 0.040625
8 0.60078125 0.9390625 0.0421875 0.0625
4 0.6515625 0.95859375 0.04375 0.0546875
8 0.7078125 0.98046875 0.04375 0.0390625
7 0.7140625 0.95 0.03125 0.0328125