0 0.54140625 0.28046875 0.0296875 0.0671875
0 0.58359375 0.27734375 0.03125 0.0671875
1 0.62265625 0.275 0.0234375 0.0625
4 0.66875 0.27265625 0.04375 0.071875
5 0.66953125 0.32109375 0.040625 0.04375
3 0.128125 0.8625 0.03125 0.0671875
2 0.16484375 0.86640625 0.0265625 0.0609375
5 0.20859375 0.86171875 0.0390625 0.071875
8 0.2515625 0.88359375 0.040625 0.0609375
2 0.525 0.62421875 0.0390625 0.0609375
2 0.58203125 0.63046875 0.0390625 0.059375
4 0.640625 0.63203125 0.034375 0.0515625
9 0.69765625 0.6390625 0.0375 0.053125