0 0.25546875 0.01953125 0.0328125 0.0390625
0 0.296875 0.02265625 0.034375 0.0453125
1 0.3375 0.0203125 0.028125 0.040625
8 0.365625 0.03828125 0.028125 0.0609375
2 0.48828125 0.23984375 0.0390625 0.059375
2 0.5453125 0.24453125 0.0421875 0.06875
5 0.603125 0.2671875 0.0421875 0.04375
4 0.6046875 0.22734375 0.0390625 0.0484375
0 0.66171875 0.27265625 0.0375 0.0375
9 0.66328125 0.23359375 0.0359375 0.0390625
5 0.06484375 0.6359375 0.0640625 0.034375
8 0.13125 0.63828125 0.059375 0.0390625
4 0.84765625 0.88125 0.021875 0.040625
8 0.8765625 0.8875 0.021875 0.046875
7 0.90234375 0.8890625 0.0203125 0.04375
3 0.93203125 0.88828125 0.025 0.0484375