2 0.1875 0.10390625 0.0484375 0.071875
1 0.24609375 0.09765625 0.0390625 0.06875
5 0.31328125 0.09140625 0.0515625 0.0671875
6 0.3828125 0.04296875 0.053125 0.0734375
7 0.3890625 0.096875 0.040625 0.046875
1 0.75625 0.0265625 0.025 0.053125
7 0.796875 0.03046875 0.0328125 0.0609375
8 0.83515625 0.02890625 0.0328125 0.0578125
3 0.87734375 0.02109375 0.0359375 0.0421875
4 0.8828125 0.06015625 0.034375 0.0421875
0 0.07734375 0.5203125 0.0359375 0.040625
0 0.1171875 0.5171875 0.0375 0.034375
1 0.15546875 0.51328125 0.0296875 0.0265625
4 0.2046875 0.52578125 0.05 0.0515625
2 0.67109375 0.71484375 0.0640625 0.0859375
1 0.7359375 0.7125 0.0578125 0.084375
9 0.79296875 0.7078125 0.0578125 0.0859375
0 0.85 0.690625 0.05 0.0765625