2 0.065625 0.2453125 0.0421875 0.06875
1 0.1296875 0.2484375 0.0328125 0.065625
5 0.1921875 0.253125 0.0453125 0.0640625
8 0.26796875 0.26171875 0.0484375 0.0640625
2 0.65390625 0.021875 0.0421875 0.04375
1 0.71796875 0.02265625 0.0328125 0.0453125
5 0.78046875 0.02421875 0.0453125 0.0484375
8 0.85703125 0.02890625 0.0484375 0.0578125
0 0.815625 0.7484375 0.0296875 0.0671875
0 0.85703125 0.75390625 0.03125 0.0671875
1 0.89765625 0.74921875 0.025 0.0625
7 0.93671875 0.721875 0.03125 0.059375
8 0.9359375 0.778125 0.0421875 0.059375