0 0.1828125 0.0171875 0.034375 0.034375
0 0.22421875 0.0171875 0.0359375 0.034375
1 0.26328125 0.01015625 0.0296875 0.0203125
7 0.3015625 0.00859375 0.05 0.0171875
8 0.315625 0.028125 0.0453125 0.04375
1 0.928125 0.084375 0.040625 0.0796875
9 0.96796875 0.090625 0.0375 0.0703125
3 0.9953125 0.08671875 0.009375 0.0609375
1 0.3171875 0.71328125 0.0109375 0.021875
1 0.35546875 0.66171875 0.0125 0.025
0 0.328125 0.69453125 0.015625 0.0234375
0 0.3421875 0.6765625 0.0140625 0.021875
2 0.6453125 0.4515625 0.0625 0.065625
1 0.709375 0.45 0.05625 0.0625
9 0.7671875 0.44921875 0.05625 0.0609375
0 0.8234375 0.4390625 0.05 0.040625