0 0.16484375 0.26875 0.0375 0.0703125
0 0.2046875 0.278125 0.0390625 0.06875
1 0.24453125 0.2828125 0.03125 0.065625
8 0.28359375 0.28515625 0.0484375 0.0640625
9 0.28046875 0.334375 0.0390625 0.040625
2 0.5078125 0.02421875 0.04375 0.0484375
2 0.56328125 0.0296875 0.0421875 0.059375
4 0.62109375 0.0390625 0.040625 0.0578125
7 0.68203125 0.02109375 0.03125 0.034375
8 0.678125 0.05859375 0.0359375 0.0453125
1 0.7375 0.7125 0.0125 0.021875
1 0.78671875 0.67109375 0.0140625 0.025
0 0.75234375 0.696875 0.0171875 0.025
0 0.7703125 0.6828125 0.0140625 0.021875