0 0.0734375 0.13359375 0.0375 0.0703125
0 0.11484375 0.13203125 0.0390625 0.06875
1 0.15390625 0.1203125 0.03125 0.065625
7 0.18828125 0.08671875 0.0375 0.0609375
8 0.196875 0.1421875 0.0484375 0.0640625
3 0.809375 0.21015625 0.046875 0.06875
3 0.88671875 0.18671875 0.0328125 0.059375
1 0.85 0.203125 0.0390625 0.0734375
6 0.92734375 0.17578125 0.0453125 0.065625
0 0.365625 0.67734375 0.0375 0.0703125
0 0.40703125 0.6671875 0.0390625 0.0703125
1 0.44453125 0.65859375 0.03125 0.065625
4 0.48671875 0.6234375 0.0515625 0.0765625
5 0.49609375 0.690625 0.0546875 0.0640625