0 0.178125 0.0296875 0.04375 0.059375
0 0.21796875 0.0375 0.0453125 0.0703125
1 0.25859375 0.0421875 0.0390625 0.0671875
7 0.29765625 0.03984375 0.04375 0.0625
8 0.28828125 0.090625 0.0546875 0.0671875
1 0.5296875 0.0703125 0.021875 0.08125
1 0.55234375 0.0953125 0.059375 0.0828125
0 0.178125 0.37578125 0.04375 0.0703125
0 0.215625 0.38515625 0.0453125 0.071875
1 0.25390625 0.39453125 0.0375 0.065625
2 0.30234375 0.390625 0.0578125 0.0765625
3 0.2921875 0.44609375 0.046875 0.0578125
1 0.89921875 0.65 0.0546875 0.09375
7 0.9359375 0.66640625 0.0578125 0.0859375
8 0.9703125 0.67890625 0.05 0.0828125
4 0.98984375 0.69296875 0.0203125 0.0859375