1 0.36171875 0.096875 0.0421875 0.08125
2 0.36875 0.15546875 0.0453125 0.0765625
6 0.3203125 0.1046875 0.034375 0.0671875
0 0.2796875 0.1109375 0.0328125 0.06875
2 0.234375 0.11484375 0.0359375 0.071875
1 0.7875 0.0265625 0.034375 0.053125
8 0.828125 0.03203125 0.034375 0.0640625
1 0.86953125 0.03125 0.0453125 0.0625
6 0.909375 0.028125 0.04375 0.05625
4 0.01328125 0.57421875 0.0265625 0.0484375
6 0.540625 0.89609375 0.05625 0.0765625
6 0.49921875 0.88515625 0.046875 0.0765625
1 0.45859375 0.88046875 0.0390625 0.0734375
2 0.425 0.875 0.03125 0.084375