0 0.259375 0.09296875 0.0390625 0.06875
0 0.2984375 0.08515625 0.040625 0.0703125
1 0.33671875 0.07734375 0.0328125 0.065625
3 0.3796875 0.0609375 0.053125 0.0765625
4 0.39375 0.1140625 0.0484375 0.0515625
0 0.90546875 0.0421875 0.0125 0.021875
0 0.934375 0.0375 0.0140625 0.025
1 0.9484375 0.0328125 0.015625 0.025
1 0.91953125 0.04140625 0.0140625 0.025
0 0.21640625 0.90390625 0.0390625 0.0703125
0 0.2578125 0.90078125 0.040625 0.0703125
1 0.296875 0.89296875 0.034375 0.065625
8 0.33515625 0.8828125 0.0515625 0.065625
9 0.34765625 0.93046875 0.040625 0.040625