3 0.0390625 0.2859375 0.0390625 0.0703125
2 0.078125 0.29296875 0.0359375 0.065625
8 0.15546875 0.33828125 0.0484375 0.0734375
5 0.121875 0.2984375 0.0484375 0.0765625
1 0.81640625 0.2984375 0.0171875 0.028125
1 0.875 0.31171875 0.015625 0.025
3 0.834375 0.30078125 0.0171875 0.0296875
2 0.85546875 0.30625 0.0203125 0.034375
2 0.0140625 0.88359375 0.028125 0.0828125
0 0.0421875 0.88984375 0.0421875 0.08125
0 0.13046875 0.9078125 0.0609375 0.0921875
7 0.084375 0.90078125 0.0484375 0.0828125
1 0.115625 0.95546875 0.0453125 0.0515625
0 0.78984375 0.74609375 0.0375 0.0703125
0 0.8265625 0.75390625 0.0390625 0.0703125
1 0.86875 0.75703125 0.0328125 0.065625
2 0.9078125 0.78046875 0.0515625 0.075