2 0.05546875 0.08359375 0.0546875 0.075
1 0.1125 0.07109375 0.0453125 0.0703125
5 0.17890625 0.05859375 0.05625 0.0703125
5 0.2515625 0.040625 0.059375 0.0765625
0 0.05234375 0.61484375 0.0421875 0.0703125
0 0.0921875 0.6015625 0.04375 0.071875
1 0.13359375 0.59921875 0.0375 0.065625
6 0.17734375 0.58515625 0.0609375 0.0734375
7 0.18671875 0.634375 0.04375 0.040625
2 0.64140625 0.48125 0.0515625 0.0625
2 0.6921875 0.47734375 0.05 0.0546875
1 0.74765625 0.46953125 0.0421875 0.0390625
3 0.81015625 0.4640625 0.0484375 0.028125