2 0.23125 0.14453125 0.05625 0.078125
2 0.28828125 0.1546875 0.0515625 0.075
5 0.35 0.16796875 0.046875 0.075
2 0.40703125 0.15546875 0.04375 0.05
3 0.403125 0.19453125 0.040625 0.0421875
1 0.51875 0.3859375 0.0328125 0.0640625
7 0.5546875 0.40234375 0.0375 0.06875
8 0.58984375 0.415625 0.040625 0.0671875
3 0.62578125 0.44765625 0.040625 0.0640625
2 0.63671875 0.39921875 0.0390625 0.0484375
2 0.7640625 0.7890625 0.05 0.01875
5 0.8171875 0.7984375 0.046875 0.0375
0 0.875 0.80703125 0.040625 0.0421875
9 0.88125 0.78515625 0.040625 0.0109375