0 0.62734375 0.20078125 0.0296875 0.0671875
0 0.66953125 0.19609375 0.03125 0.0671875
1 0.70859375 0.1921875 0.0234375 0.0625
5 0.75390625 0.18671875 0.0515625 0.0734375
6 0.7578125 0.23984375 0.0453125 0.04375
1 0.071875 0.853125 0.034375 0.0765625
9 0.1140625 0.8625 0.0328125 0.0671875
5 0.15234375 0.87265625 0.028125 0.059375
0 0.190625 0.884375 0.0328125 0.0609375
9 0.190625 0.8359375 0.03125 0.04375
0 0.71484375 0.74765625 0.0296875 0.0671875
0 0.75703125 0.74296875 0.03125 0.0671875
1 0.79609375 0.7390625 0.0234375 0.0625
5 0.8421875 0.72109375 0.05 0.0734375
6 0.84453125 0.77578125 0.0484375 0.065625