2 0.2984375 0.03359375 0.05625 0.0671875
1 0.35625 0.02421875 0.046875 0.0484375
5 0.42265625 0.0171875 0.0578125 0.034375
3 0.78359375 0.14375 0.0453125 0.071875
2 0.8203125 0.13125 0.040625 0.065625
5 0.86328125 0.12109375 0.0546875 0.0796875
8 0.91171875 0.13984375 0.053125 0.06875
7 0.89375 0.084375 0.0375 0.0484375
1 0.00625 0.46953125 0.0125 0.0703125
5 0.05078125 0.45703125 0.0578125 0.071875
7 0.11640625 0.40859375 0.05625 0.065625
8 0.1296875 0.45546875 0.0546875 0.0484375
2 0.77421875 0.53671875 0.05625 0.0765625
1 0.83671875 0.5203125 0.046875 0.0703125
5 0.89765625 0.50703125 0.0578125 0.071875
8 0.96484375 0.45390625 0.0578125 0.071875
9 0.97421875 0.50078125 0.0515625 0.0453125