2 0.1328125 0.10625 0.046875 0.071875
1 0.19140625 0.11328125 0.0375 0.0671875
5 0.25859375 0.12265625 0.05 0.0671875
7 0.33515625 0.109375 0.0484375 0.0765625
2 0.29375 0.7578125 0.0671875 0.0984375
6 0.3296875 0.7765625 0.0515625 0.0953125
3 0.3765625 0.78828125 0.053125 0.0953125
3 0.4 0.76875 0.01875 0.084375
4 0.4 0.8328125 0.01875 0.075
1 0.81953125 0.70390625 0.03125 0.0734375
9 0.85859375 0.71875 0.040625 0.0828125
9 0.89921875 0.73125 0.0375 0.0765625
8 0.93828125 0.7171875 0.046875 0.0703125
9 0.9328125 0.7703125 0.046875 0.053125