0 0.10546875 0.2203125 0.0296875 0.065625
0 0.14453125 0.2203125 0.03125 0.0671875
1 0.18359375 0.2203125 0.0234375 0.0625
3 0.22890625 0.21171875 0.0421875 0.071875
4 0.2328125 0.2671875 0.0421875 0.0453125
3 0.821875 0.2765625 0.03125 0.0671875
2 0.86171875 0.2796875 0.028125 0.0625
3 0.95234375 0.2375 0.0421875 0.0703125
1 0.90625 0.25 0.0296875 0.075
0 0.9484375 0.31015625 0.0390625 0.06875
1 0.3609375 0.49296875 0.034375 0.0265625
9 0.4 0.49921875 0.0375 0.0390625
7 0.44296875 0.50234375 0.0421875 0.0453125
4 0.48359375 0.5015625 0.0390625 0.04375
9 0.753125 0.73359375 0.040625 0.06875
9 0.71015625 0.73203125 0.0296875 0.0734375
8 0.6734375 0.72890625 0.0375 0.065625
1 0.63515625 0.721875 0.03125 0.0640625