0 0.2296875 0.13828125 0.0375 0.0703125
0 0.2671875 0.134375 0.0390625 0.0703125
1 0.30859375 0.12578125 0.03125 0.065625
1 0.3453125 0.09453125 0.0390625 0.06875
2 0.35546875 0.15390625 0.0484375 0.0640625
2 0.84765625 0.415625 0.0234375 0.0328125
1 0.87109375 0.41015625 0.01875 0.028125
7 0.89609375 0.40859375 0.021875 0.0359375
0 0.92109375 0.40546875 0.025 0.034375
0 0.071875 0.90625 0.0265625 0.0484375
0 0.16953125 0.90390625 0.028125 0.04375
9 0.13359375 0.90234375 0.025 0.04375
3 0.10234375 0.90078125 0.0234375 0.040625
0 0.7984375 0.70234375 0.0375 0.0703125
0 0.83984375 0.70078125 0.0390625 0.06875
1 0.87890625 0.6890625 0.03125 0.065625
7 0.9140625 0.67109375 0.0375 0.0609375
8 0.92578125 0.721875 0.0484375 0.0640625