0 0.209375 0.021875 0.0375 0.04375
0 0.25234375 0.02265625 0.0390625 0.0453125
1 0.290625 0.02265625 0.03125 0.0453125
4 0.33984375 0.0140625 0.0515625 0.028125
5 0.33125 0.05703125 0.0546875 0.0640625
0 0.6296875 0.07421875 0.0390625 0.06875
0 0.66796875 0.084375 0.0375 0.0578125
0 0.75234375 0.08046875 0.0390625 0.0546875
1 0.71015625 0.0890625 0.0328125 0.0671875
1 0.746875 0.1328125 0.0359375 0.0421875
0 0.7765625 0.84921875 0.0375 0.0703125
0 0.8125 0.8546875 0.0390625 0.0703125
0 0.89296875 0.85859375 0.0421875 0.0609375
2 0.84921875 0.875 0.040625 0.0703125
1 0.8875 0.90859375 0.034375 0.0359375