1 0.0171875 0.096875 0.034375 0.071875
9 0.0484375 0.121875 0.05 0.0734375
3 0.08984375 0.13046875 0.0515625 0.08125
2 0.13125 0.14140625 0.0578125 0.0796875
1 0.6640625 0.26171875 0.0484375 0.08125
9 0.69921875 0.28515625 0.0453125 0.0734375
1 0.7375 0.29296875 0.0390625 0.0625
4 0.77421875 0.3234375 0.04375 0.065625
2 0.02421875 0.6234375 0.0484375 0.075
1 0.0828125 0.6390625 0.04375 0.0703125
5 0.14375 0.65546875 0.05625 0.0703125
9 0.2171875 0.67578125 0.0609375 0.06875
1 0.7765625 0.55 0.046875 0.0828125
8 0.81328125 0.56484375 0.05 0.078125
9 0.85390625 0.57734375 0.05 0.071875
3 0.89140625 0.59140625 0.05625 0.0828125