0 0.12421875 0.14609375 0.0421875 0.0703125
0 0.1640625 0.159375 0.04375 0.0703125
1 0.20234375 0.16796875 0.0375 0.065625
8 0.24140625 0.1734375 0.053125 0.0671875
9 0.234375 0.22265625 0.0421875 0.0421875
1 0.3890625 0.76640625 0.0421875 0.075
7 0.42734375 0.78125 0.05 0.0828125
8 0.46640625 0.7953125 0.0453125 0.0765625
6 0.50859375 0.8046875 0.0515625 0.078125
0 0.67578125 0.77734375 0.0421875 0.0703125
0 0.715625 0.790625 0.04375 0.0703125
1 0.75625 0.79375 0.0375 0.065625
7 0.790625 0.81640625 0.0546875 0.065625