1 0.1265625 0.0796875 0.040625 0.075
7 0.1703125 0.08671875 0.0296875 0.06875
8 0.20859375 0.08828125 0.034375 0.0703125
9 0.24609375 0.11328125 0.0390625 0.0609375
0 0.67421875 0.278125 0.03125 0.0671875
0 0.715625 0.284375 0.0328125 0.0671875
1 0.75625 0.28046875 0.0265625 0.0640625
7 0.79375 0.28984375 0.0453125 0.071875
0 0.3265625 0.53046875 0.03125 0.0234375
2 0.6734375 0.53203125 0.04375 0.0265625
1 0.7375 0.5328125 0.034375 0.028125
5 0.8 0.53515625 0.046875 0.0328125
8 0.87890625 0.528125 0.0515625 0.01875