2 0.33828125 0.22265625 0.0328125 0.059375
2 0.41953125 0.2234375 0.03125 0.06875
0 0.3796875 0.225 0.0359375 0.075
5 0.459375 0.225 0.0328125 0.0640625
3 0.103125 0.57578125 0.009375 0.021875
3 0.11484375 0.58203125 0.009375 0.0234375
0 0.08828125 0.57109375 0.0109375 0.0234375
7 0.07578125 0.56484375 0.009375 0.0265625
2 0.7859375 0.5984375 0.0421875 0.0578125
2 0.83828125 0.60390625 0.040625 0.05625
1 0.8953125 0.603125 0.03125 0.059375
2 0.95703125 0.57734375 0.034375 0.0359375
3 0.95625 0.61640625 0.0421875 0.040625