3 0.2734375 0.25703125 0.0328125 0.06875
2 0.3125 0.259375 0.0296875 0.0625
2 0.40078125 0.27265625 0.040625 0.06875
5 0.35703125 0.26015625 0.040625 0.0734375
0 0.65 0.22265625 0.03125 0.0671875
0 0.68671875 0.22578125 0.0328125 0.0671875
2 0.725 0.2421875 0.034375 0.06875
1 0.76328125 0.2484375 0.040625 0.0734375
2 0.06171875 0.55625 0.04375 0.0703125
1 0.1203125 0.56015625 0.034375 0.065625
5 0.18828125 0.565625 0.046875 0.0640625
2 0.259375 0.5453125 0.040625 0.06875
0 0.64609375 0.67890625 0.040625 0.0703125
3 0.60625 0.6140625 0.0328125 0.0609375
9 0.65234375 0.61875 0.040625 0.0484375
4 0.60546875 0.66875 0.034375 0.053125