1 0.17109375 0.1140625 0.040625 0.06875
8 0.2078125 0.1265625 0.0375 0.0734375
9 0.24453125 0.13671875 0.0453125 0.0796875
4 0.2875 0.1421875 0.05 0.08125
2 0.94453125 0.0421875 0.0421875 0.0640625
0 0.98359375 0.04765625 0.0328125 0.0765625
1 0.44375 0.546875 0.03125 0.015625
6 0.48984375 0.54921875 0.0546875 0.0203125
7 0.48203125 0.5734375 0.040625 0.0375
1 0.66796875 0.54921875 0.0109375 0.0203125
9 0.68203125 0.55 0.0109375 0.0203125
5 0.6953125 0.55078125 0.0125 0.0234375
7 0.70859375 0.55234375 0.0125 0.0203125