3 0.28828125 0.22265625 0.0453125 0.071875
2 0.325 0.23359375 0.0390625 0.065625
7 0.4015625 0.28515625 0.053125 0.075
3 0.36796875 0.240625 0.04375 0.0640625
6 0.41953125 0.22734375 0.05 0.0546875
1 0.6859375 0.28828125 0.0546875 0.0859375
2 0.6765625 0.3453125 0.053125 0.08125
6 0.65703125 0.28203125 0.0140625 0.0703125
3 0.12734375 0.94609375 0.0453125 0.071875
2 0.16640625 0.95546875 0.0390625 0.065625
3 0.2390625 0.98984375 0.053125 0.0203125
2 0.25234375 0.95546875 0.0484375 0.0546875
4 0.20859375 0.9625 0.0515625 0.075