3 0.17734375 0.2515625 0.0375 0.0703125
2 0.21484375 0.25 0.034375 0.0640625
2 0.2546875 0.20390625 0.0375 0.078125
0 0.30703125 0.27265625 0.0453125 0.071875
3 0.2625 0.2734375 0.0359375 0.0625
3 0.85078125 0.2390625 0.0125 0.0234375
3 0.86328125 0.24296875 0.0109375 0.0234375
0 0.83515625 0.2359375 0.0125 0.025
7 0.821875 0.23203125 0.0109375 0.0265625
5 0.3265625 0.64296875 0.05 0.0484375
7 0.2828125 0.63359375 0.046875 0.0296875
1 0.23828125 0.63515625 0.0453125 0.0328125
2 0.1921875 0.63125 0.034375 0.025