2 0.24609375 0.196875 0.0546875 0.0875
1 0.3046875 0.20859375 0.0546875 0.09375
5 0.378125 0.22734375 0.071875 0.1015625
6 0.44765625 0.22578125 0.0625 0.10625
1 0.56796875 0.16640625 0.0359375 0.0671875
5 0.6359375 0.175 0.0484375 0.065625
6 0.7125 0.1796875 0.05625 0.071875
2 0.03828125 0.62734375 0.05 0.0765625
1 0.09296875 0.6328125 0.04375 0.071875
9 0.153125 0.64453125 0.0515625 0.078125
4 0.2140625 0.6359375 0.040625 0.065625
3 0.690625 0.8984375 0.0203125 0.028125
3 0.71484375 0.87578125 0.021875 0.046875
7 0.74140625 0.8765625 0.01875 0.0546875
9 0.7640625 0.87734375 0.021875 0.0578125