2 0.4703125 0.15234375 0.021875 0.0765625
2 0.5171875 0.15703125 0.046875 0.0671875
0 0.57109375 0.13125 0.0484375 0.071875
3 0.62578125 0.0921875 0.04375 0.0578125
4 0.63046875 0.13359375 0.0421875 0.0515625
2 0.1625 0.73671875 0.05 0.0734375
1 0.22578125 0.72734375 0.040625 0.06875
5 0.28828125 0.7203125 0.053125 0.06875
8 0.36484375 0.7140625 0.05625 0.06875
0 0.490625 0.68828125 0.0265625 0.0484375
0 0.58828125 0.68359375 0.028125 0.04375
9 0.55234375 0.6828125 0.0265625 0.0453125
3 0.52109375 0.68203125 0.025 0.040625