2 0.74609375 0.04609375 0.0578125 0.0921875
1 0.80859375 0.059375 0.0625 0.0875
5 0.878125 0.0734375 0.0765625 0.0921875
3 0.95 0.0671875 0.0671875 0.06875
2 0.02734375 0.4234375 0.0484375 0.090625
2 0.065625 0.43046875 0.05 0.09375
9 0.10390625 0.465625 0.053125 0.075
0 0.14765625 0.47890625 0.0546875 0.0859375
8 0.1140625 0.4078125 0.0421875 0.0609375
4 0.88984375 0.6265625 0.01875 0.0359375
8 0.9078125 0.634375 0.0171875 0.034375
7 0.9265625 0.64140625 0.01875 0.0359375
3 0.94375 0.65 0.01875 0.03125