0 0.11796875 0.2046875 0.04375 0.071875
0 0.15390625 0.21484375 0.0453125 0.071875
1 0.1953125 0.221875 0.0375 0.065625
1 0.240625 0.20703125 0.04375 0.0703125
2 0.228125 0.265625 0.053125 0.0671875
1 0.95859375 0.14375 0.05 0.0765625
8 0.9859375 0.1640625 0.028125 0.071875
1 0.41796875 0.5734375 0.025 0.053125
3 0.4390625 0.58203125 0.0265625 0.0578125
7 0.46015625 0.58046875 0.025 0.05625
9 0.48046875 0.58671875 0.028125 0.0546875
1 0.7765625 0.715625 0.05625 0.084375
9 0.81015625 0.74140625 0.053125 0.0796875
6 0.8515625 0.753125 0.053125 0.0796875
4 0.8953125 0.7375 0.0671875 0.0734375
5 0.8890625 0.78984375 0.053125 0.0671875