2 0.190625 0.26328125 0.05 0.0921875
2 0.2765625 0.2578125 0.0484375 0.090625
5 0.32578125 0.259375 0.0625 0.0765625
1 0.2328125 0.2625 0.04375 0.084375
0 0.6421875 0.22265625 0.0390625 0.06875
0 0.68125 0.21484375 0.040625 0.0703125
1 0.71953125 0.20703125 0.0328125 0.065625
3 0.7625 0.190625 0.053125 0.0765625
4 0.7765625 0.24375 0.0484375 0.0515625
2 0.00546875 0.8203125 0.0109375 0.065625
9 0.0859375 0.83515625 0.0484375 0.0734375
8 0.075 0.7828125 0.046875 0.0515625
4 0.0375 0.8109375 0.046875 0.078125