2 0.28828125 0.26015625 0.0515625 0.0734375
1 0.34609375 0.25078125 0.0421875 0.06875
5 0.39296875 0.240625 0.0140625 0.06875
2 0.51953125 0.15546875 0.0515625 0.0734375
1 0.57734375 0.14609375 0.0421875 0.06875
5 0.64453125 0.1359375 0.0546875 0.06875
2 0.70703125 0.08515625 0.0421875 0.0484375
3 0.71328125 0.1328125 0.0453125 0.06875
1 0.6484375 0.68203125 0.04375 0.0453125
9 0.68671875 0.68203125 0.0453125 0.0453125
5 0.73046875 0.6828125 0.0484375 0.046875
7 0.76953125 0.678125 0.0515625 0.0375