2 0.640625 0.1390625 0.0484375 0.0859375
2 0.765625 0.1125 0.053125 0.0875
9 0.72109375 0.121875 0.0453125 0.0765625
0 0.68046875 0.12578125 0.0484375 0.0796875
1 0.00546875 0.69140625 0.0109375 0.0828125
9 0.02890625 0.69609375 0.046875 0.0734375
0 0.06640625 0.68515625 0.040625 0.0625
4 0.1125 0.69609375 0.0453125 0.065625
2 0.38203125 0.71875 0.0640625 0.1015625
5 0.42890625 0.7078125 0.0578125 0.0890625
6 0.47265625 0.7125 0.0578125 0.09375
1 0.50703125 0.678125 0.053125 0.0703125
2 0.5296875 0.73671875 0.0578125 0.059375