1 0.1609375 0.2140625 0.0234375 0.0578125
1 0.2375 0.20625 0.0296875 0.0578125
8 0.2015625 0.22734375 0.03125 0.05625
9 0.278125 0.20703125 0.0359375 0.0546875
0 0.284375 0.25625 0.03125 0.0421875
0 0.790625 0.26015625 0.034375 0.0578125
0 0.83046875 0.25703125 0.0359375 0.0640625
1 0.8703125 0.25390625 0.0296875 0.0640625
9 0.9125 0.26171875 0.05 0.0546875
0 0.77734375 0.46796875 0.034375 0.06875
0 0.81875 0.46015625 0.0359375 0.06875
1 0.85703125 0.45234375 0.0296875 0.0640625
5 0.9015625 0.44296875 0.0578125 0.078125
6 0.91015625 0.49609375 0.05 0.046875