3 0.00703125 0.0296875 0.0140625 0.059375
2 0.03203125 0.03359375 0.0375 0.065625
9 0.1125 0.08046875 0.05 0.0734375
8 0.12109375 0.028125 0.046875 0.053125
4 0.07578125 0.040625 0.0484375 0.0796875
1 0.54375 0.05078125 0.0359375 0.06875
8 0.5796875 0.07421875 0.0328125 0.0578125
2 0.61640625 0.08359375 0.034375 0.059375
5 0.653125 0.1125 0.0421875 0.0671875
3 0.4421875 0.86875 0.0421875 0.071875
2 0.48125 0.87890625 0.0375 0.065625
2 0.57734375 0.853125 0.053125 0.0765625
2 0.521875 0.8875 0.0421875 0.0796875
3 0.5609375 0.9234375 0.05 0.0734375