1 0.22734375 0.0359375 0.0390625 0.071875
9 0.26875 0.04296875 0.0375 0.0703125
0 0.30703125 0.03828125 0.03125 0.0609375
4 0.3515625 0.05625 0.0359375 0.0625
1 0.903125 0.096875 0.028125 0.0578125
9 0.9421875 0.10625 0.0359375 0.0578125
9 0.98515625 0.1265625 0.0296875 0.05
8 0.9828125 0.078125 0.034375 0.05
1 0.01796875 0.3859375 0.0359375 0.06875
9 0.06015625 0.39921875 0.0421875 0.06875
3 0.1015625 0.39453125 0.0421875 0.078125
2 0.14453125 0.3921875 0.0484375 0.0765625
0 0.70703125 0.38046875 0.034375 0.06875
0 0.7484375 0.37265625 0.0359375 0.06875
1 0.7875 0.36640625 0.028125 0.0640625
4 0.8328125 0.35859375 0.0484375 0.075
5 0.8390625 0.40703125 0.04375 0.046875