2 0.0609375 0.1359375 0.046875 0.075
8 0.10234375 0.15546875 0.05625 0.084375
7 0.1484375 0.16640625 0.0421875 0.0828125
9 0.18828125 0.2 0.0578125 0.0796875
8 0.19140625 0.14140625 0.0390625 0.0578125
0 0.50078125 0.2265625 0.034375 0.06875
0 0.53828125 0.23203125 0.0359375 0.06875
1 0.58046875 0.2328125 0.0296875 0.0640625
2 0.6203125 0.2546875 0.046875 0.071875
0 0.6375 0.509375 0.034375 0.040625
0 0.68046875 0.509375 0.0359375 0.040625
1 0.71953125 0.50859375 0.0296875 0.0390625
4 0.765625 0.5125 0.05 0.046875
5 0.7625 0.546875 0.04375 0.046875