2 0.25390625 0.17734375 0.078125 0.1046875
6 0.28671875 0.20078125 0.0625 0.0984375
3 0.33125 0.21875 0.065625 0.1
3 0.3796875 0.20625 0.0703125 0.0890625
4 0.3671875 0.26953125 0.0640625 0.078125
1 0.27578125 0.625 0.0421875 0.05
7 0.31015625 0.6328125 0.0484375 0.065625
8 0.3484375 0.64140625 0.046875 0.0796875
3 0.390625 0.64765625 0.046875 0.0703125
1 0.46484375 0.65625 0.05 0.0734375
9 0.503125 0.68046875 0.0546875 0.0859375
4 0.54453125 0.6828125 0.05625 0.075
0 0.584375 0.6890625 0.05625 0.0765625
1 0.56953125 0.73671875 0.0640625 0.0578125