1 0.753125 0.0484375 0.0359375 0.078125
8 0.790625 0.06640625 0.034375 0.06875
4 0.8296875 0.0703125 0.0296875 0.059375
4 0.86875 0.10078125 0.0296875 0.05625
1 0.06953125 0.88671875 0.0296875 0.0640625
0 0.1125 0.896875 0.0375 0.071875
4 0.15703125 0.88984375 0.040625 0.06875
3 0.20390625 0.890625 0.0375 0.0671875
2 0.5953125 0.5984375 0.04375 0.071875
2 0.65 0.61015625 0.0359375 0.0640625
0 0.70703125 0.603125 0.0390625 0.0703125
2 0.765625 0.57578125 0.0359375 0.0578125
3 0.76640625 0.62734375 0.0421875 0.0484375