0 0.20546875 0.046875 0.034375 0.06875
0 0.24765625 0.046875 0.0359375 0.06875
1 0.28671875 0.0484375 0.0296875 0.0640625
5 0.3296875 0.03359375 0.0453125 0.05
6 0.33046875 0.090625 0.053125 0.06875
0 0.8546875 0.10078125 0.034375 0.06875
0 0.89375 0.10390625 0.0359375 0.06875
1 0.9328125 0.1078125 0.0296875 0.0640625
2 0.97890625 0.075 0.0421875 0.071875
3 0.97578125 0.140625 0.0484375 0.075
2 0.13828125 0.72734375 0.0390625 0.0609375
2 0.31015625 0.75 0.0375 0.05625
2 0.19296875 0.734375 0.05 0.059375
5 0.25390625 0.73984375 0.04375 0.0640625
3 0.55546875 0.72109375 0.0109375 0.0609375
2 0.575 0.73203125 0.0234375 0.0671875