0 0.24296875 0.20234375 0.03125 0.0671875
0 0.28203125 0.19921875 0.0328125 0.0671875
1 0.32109375 0.19609375 0.0265625 0.0640625
2 0.36640625 0.17734375 0.04375 0.0703125
3 0.37421875 0.23359375 0.0375 0.0515625
9 0.5625 0.165625 0.025 0.06875
8 0.63984375 0.18828125 0.034375 0.0609375
7 0.596875 0.16640625 0.0359375 0.0703125
7 0.63359375 0.13671875 0.0296875 0.046875
2 0.015625 0.7515625 0.0296875 0.0625
3 0.1015625 0.746875 0.0421875 0.06875
5 0.06015625 0.74765625 0.040625 0.0734375
1 0.853125 0.7125 0.0375 0.0671875
8 0.89375 0.72578125 0.0328125 0.0671875
8 0.93359375 0.73125 0.0421875 0.065625
4 0.975 0.73046875 0.040625 0.0671875