2 0.1890625 0.09921875 0.0453125 0.065625
7 0.22734375 0.11640625 0.046875 0.0828125
6 0.27109375 0.1203125 0.040625 0.0875
9 0.3015625 0.1390625 0.015625 0.06875
2 0.66484375 0.0265625 0.0390625 0.0515625
2 0.72265625 0.028125 0.034375 0.0546875
4 0.77890625 0.03203125 0.034375 0.053125
2 0.840625 0.01328125 0.03125 0.0265625
3 0.83984375 0.04453125 0.0328125 0.0375
6 0.01484375 0.71953125 0.0296875 0.0484375
7 0.015625 0.771875 0.03125 0.059375
0 0.54375 0.6484375 0.0375 0.0515625
1 0.58671875 0.65 0.0359375 0.0515625
2 0.62578125 0.64921875 0.0296875 0.04375
3 0.66171875 0.64921875 0.03125 0.0453125
3 0.70625 0.6515625 0.0359375 0.0515625