2 0.13125 0.25 0.0484375 0.090625
2 0.16953125 0.24296875 0.05 0.09375
9 0.2171875 0.26328125 0.053125 0.075
0 0.26328125 0.26015625 0.0546875 0.0859375
8 0.20703125 0.20546875 0.0421875 0.0609375
2 0.63984375 0.05546875 0.0515625 0.0734375
1 0.703125 0.04453125 0.040625 0.06875
5 0.76484375 0.0359375 0.0546875 0.06875
8 0.83671875 0.01171875 0.0546875 0.0234375
9 0.84296875 0.03828125 0.053125 0.04375
0 0.1390625 0.50390625 0.05625 0.0484375
0 0.18203125 0.49765625 0.0515625 0.0359375
1 0.22109375 0.4953125 0.0453125 0.03125
5 0.271875 0.509375 0.0625 0.059375
1 0.8359375 0.759375 0.0453125 0.071875
9 0.88046875 0.76640625 0.0484375 0.084375
4 0.91875 0.7515625 0.0515625 0.071875
0 0.95859375 0.74140625 0.0515625 0.075
1 0.9640625 0.78984375 0.0625 0.0546875