2 0.3703125 0.034375 0.053125 0.06875
2 0.409375 0.05390625 0.0515625 0.0921875
4 0.45234375 0.07109375 0.0578125 0.09375
0 0.47578125 0.07734375 0.0265625 0.0890625
3 0.5328125 0.13203125 0.053125 0.071875
3 0.61328125 0.13984375 0.0390625 0.0609375
1 0.57265625 0.140625 0.0453125 0.075
6 0.6546875 0.14453125 0.05 0.06875
1 0.0203125 0.62734375 0.040625 0.0890625
6 0.0546875 0.6546875 0.053125 0.0765625
0 0.64140625 0.4890625 0.046875 0.0578125
1 0.6828125 0.49921875 0.0453125 0.0578125
2 0.72109375 0.50625 0.0390625 0.0484375
3 0.75703125 0.5140625 0.040625 0.05
3 0.8 0.525 0.0453125 0.0578125