1 0.0125 0.35390625 0.0234375 0.071875
9 0.053125 0.36484375 0.0328125 0.0796875
9 0.09453125 0.3734375 0.0296875 0.075
8 0.13203125 0.3546875 0.040625 0.065625
9 0.13203125 0.40859375 0.0421875 0.05
3 0.68671875 0.3703125 0.0296875 0.0671875
2 0.7234375 0.3734375 0.025 0.0609375
8 0.8125 0.34765625 0.0375 0.0671875
5 0.7671875 0.36796875 0.0375 0.071875
9 0.80859375 0.40859375 0.0390625 0.059375
3 0.659375 0.6296875 0.0296875 0.0671875
2 0.69921875 0.63203125 0.0265625 0.0625
2 0.7890625 0.590625 0.040625 0.0625
2 0.74140625 0.6328125 0.028125 0.075
3 0.78671875 0.6609375 0.0375 0.06875