1 0.81328125 0.0796875 0.0484375 0.071875
8 0.85625 0.0796875 0.0453125 0.075
8 0.8984375 0.08203125 0.0453125 0.0578125
0 0.9359375 0.06875 0.0546875 0.0625
0 0.153125 0.4359375 0.0234375 0.03125
0 0.27421875 0.89296875 0.028125 0.046875
2 0.1375 0.4484375 0.021875 0.0375
2 0.23828125 0.915625 0.0265625 0.040625
3 0.1671875 0.4140625 0.0296875 0.0390625
5 0.18515625 0.4 0.025 0.0359375
8 0.25625 0.90546875 0.021875 0.0453125
5 0.29375 0.87890625 0.028125 0.05
1 0.55390625 0.4546875 0.0078125 0.059375
7 0.5828125 0.45546875 0.0390625 0.0625
8 0.62109375 0.4484375 0.040625 0.0625
3 0.6609375 0.428125 0.0421875 0.0625
4 0.67265625 0.475 0.0375 0.0453125