2 0.33359375 0.190625 0.0375 0.0546875
2 0.3921875 0.19453125 0.0375 0.053125
4 0.44609375 0.19375 0.0265625 0.05
0 0.51953125 0.203125 0.028125 0.065625
0 0.5609375 0.20703125 0.0296875 0.065625
1 0.6015625 0.20078125 0.0234375 0.0625
7 0.63984375 0.20859375 0.0421875 0.06875
2 0.359375 0.46484375 0.04375 0.0515625
5 0.40703125 0.4625 0.0390625 0.046875
6 0.44453125 0.47109375 0.0296875 0.0640625
1 0.48359375 0.6578125 0.0328125 0.071875
9 0.52578125 0.66953125 0.0359375 0.071875
8 0.5625 0.6703125 0.034375 0.078125
0 0.60859375 0.67421875 0.0421875 0.078125