2 0.2734375 0.15703125 0.0375 0.0765625
2 0.3140625 0.1625 0.0359375 0.0859375
2 0.35390625 0.16171875 0.0421875 0.0875
2 0.39921875 0.15390625 0.046875 0.078125
3 0.6609375 0.06640625 0.0421875 0.0703125
3 0.7484375 0.04921875 0.046875 0.0703125
1 0.70390625 0.0546875 0.0359375 0.0734375
8 0.80078125 0.04375 0.0515625 0.0828125
0 0.071875 0.490625 0.021875 0.0484375
5 0.084375 0.4953125 0.0140625 0.040625
8 0.0953125 0.49609375 0.0171875 0.0390625
2 0.11015625 0.49765625 0.0140625 0.04375
0 0.28203125 0.96875 0.0109375 0.0296875
0 0.28984375 0.96484375 0.009375 0.028125
0 0.2953125 0.9609375 0.009375 0.0296875
0 0.303125 0.95859375 0.0109375 0.0265625
0 0.24609375 0.53984375 0.009375 0.0296875
5 0.084375 0.49609375 0.0140625 0.0390625
5 0.26171875 0.54375 0.0125 0.03125
2 0.2390625 0.53828125 0.0078125 0.0296875
3 0.25390625 0.54140625 0.009375 0.03125
0 0.7421875 0.4875 0.034375 0.06875
0 0.784375 0.4875 0.0359375 0.06875
1 0.8234375 0.48203125 0.0296875 0.0640625
8 0.86171875 0.475 0.046875 0.0625
9 0.87109375 0.5234375 0.0375 0.0390625