0 0.20859375 0.3078125 0.0390625 0.0703125
0 0.24921875 0.296875 0.040625 0.0703125
1 0.290625 0.296875 0.034375 0.065625
6 0.32265625 0.284375 0.0328125 0.071875
7 0.3296875 0.33359375 0.01875 0.0390625
0 0.58203125 0.0921875 0.0390625 0.0703125
0 0.62265625 0.08125 0.040625 0.0703125
1 0.6640625 0.08125 0.034375 0.065625
6 0.70859375 0.06953125 0.0578125 0.071875
7 0.715625 0.11875 0.0421875 0.0390625
0 0.62578125 0.62734375 0.0390625 0.0703125
0 0.6671875 0.62421875 0.040625 0.0703125
1 0.70625 0.61640625 0.034375 0.065625
8 0.74453125 0.60625 0.0515625 0.065625
9 0.75703125 0.65390625 0.040625 0.040625