2 0.33515625 0.26484375 0.04375 0.0625
2 0.39140625 0.27421875 0.0421875 0.0609375
4 0.45 0.28046875 0.0375 0.053125
9 0.50625 0.29140625 0.040625 0.0546875
2 0.76796875 0.13203125 0.0609375 0.0859375
1 0.828125 0.14375 0.0515625 0.0828125
5 0.90078125 0.14921875 0.0609375 0.090625
6 0.96875 0.15625 0.0625 0.103125
2 0.0203125 0.81484375 0.040625 0.0890625
1 0.08125 0.8171875 0.05625 0.09375
5 0.1421875 0.834375 0.0640625 0.090625
3 0.2125 0.83203125 0.053125 0.0828125
2 0.69921875 0.6875 0.040625 0.059375
2 0.75703125 0.69375 0.04375 0.06875
5 0.81328125 0.7171875 0.0421875 0.0453125
4 0.81640625 0.67734375 0.0390625 0.0484375
0 0.87265625 0.72421875 0.0359375 0.0375
9 0.87421875 0.68515625 0.0375 0.040625