1 0.09609375 0.12578125 0.0453125 0.0703125
8 0.13125 0.140625 0.04375 0.075
9 0.16640625 0.15390625 0.0515625 0.0828125
4 0.209375 0.16328125 0.05625 0.084375
3 0.5140625 0.015625 0.0625 0.03125
8 0.64453125 0.00859375 0.0515625 0.0171875
2 0.59921875 0.0125 0.0453125 0.025
1 0.5609375 0.0171875 0.05 0.034375
2 0.03046875 0.7390625 0.0609375 0.109375
0 0.071875 0.75078125 0.0546875 0.084375
7 0.1125 0.76640625 0.05 0.0796875
8 0.1546875 0.74921875 0.0609375 0.0734375
9 0.146875 0.8125 0.065625 0.08125
0 0.871875 0.58203125 0.0421875 0.0703125
0 0.91171875 0.5859375 0.040625 0.059375
0 0.98828125 0.5796875 0.0234375 0.05625
1 0.953125 0.59453125 0.0359375 0.06875
1 0.9828125 0.634375 0.034375 0.05625