1 0.053125 0.07734375 0.0359375 0.078125
8 0.0921875 0.09140625 0.034375 0.06875
5 0.13125 0.09140625 0.0296875 0.059375
8 0.17421875 0.115625 0.0296875 0.05625
0 0.646875 0.2734375 0.03125 0.0671875
0 0.6890625 0.2671875 0.0328125 0.0671875
1 0.72734375 0.26171875 0.0265625 0.0640625
4 0.771875 0.23046875 0.0453125 0.0734375
5 0.77578125 0.29765625 0.05 0.0609375
2 0.371875 0.59453125 0.0375 0.0578125
5 0.3140625 0.59140625 0.0359375 0.0578125
2 0.25390625 0.5953125 0.0375 0.0578125
2 0.19921875 0.5953125 0.0421875 0.0609375
0 0.76484375 0.66328125 0.03125 0.0671875
0 0.80703125 0.66484375 0.0328125 0.0671875
1 0.846875 0.65625 0.0265625 0.0640625
8 0.8859375 0.66875 0.04375 0.0609375