2 0.18359375 0.271875 0.046875 0.0796875
2 0.225 0.27109375 0.046875 0.0875
2 0.2640625 0.2640625 0.053125 0.090625
2 0.30703125 0.25 0.05625 0.0828125
1 0.578125 0.18046875 0.0359375 0.0609375
8 0.6203125 0.18515625 0.0390625 0.0609375
2 0.65859375 0.175 0.0421875 0.065625
8 0.69765625 0.153125 0.04375 0.0578125
9 0.70625 0.19765625 0.034375 0.0484375
2 0.0453125 0.87109375 0.0546875 0.075
1 0.10234375 0.8578125 0.0453125 0.0703125
5 0.16875 0.84375 0.0578125 0.071875
7 0.23671875 0.8046875 0.0578125 0.08125
2 0.7828125 0.87734375 0.0546875 0.075
1 0.83984375 0.8640625 0.0453125 0.0703125
5 0.90625 0.85 0.0578125 0.071875
1 0.96953125 0.82578125 0.04375 0.065625