2 0.15703125 0.203125 0.04375 0.0703125
1 0.215625 0.2078125 0.0359375 0.0671875
5 0.2828125 0.21484375 0.0484375 0.065625
5 0.36015625 0.20234375 0.05 0.0703125
2 0.009375 0.63046875 0.01875 0.0859375
5 0.03984375 0.64453125 0.0453125 0.0734375
5 0.12890625 0.65546875 0.0484375 0.0796875
0 0.0859375 0.64375 0.0421875 0.0828125
0 0.67421875 0.56171875 0.0328125 0.06875
0 0.7109375 0.565625 0.034375 0.06875
1 0.75390625 0.565625 0.0265625 0.0640625
1 0.79609375 0.54296875 0.034375 0.0671875
2 0.79296875 0.603125 0.0453125 0.0625