3 0.06953125 0.365625 0.0296875 0.0671875
2 0.10859375 0.36640625 0.0265625 0.0625
2 0.19765625 0.375 0.0375 0.0671875
5 0.153125 0.36484375 0.0375 0.071875
3 0.48984375 0.1625 0.028125 0.0625
3 0.56640625 0.15 0.0296875 0.05625
1 0.528125 0.1578125 0.0234375 0.059375
5 0.60703125 0.1328125 0.0375 0.046875
6 0.61328125 0.18046875 0.034375 0.046875
2 0.05234375 0.5109375 0.0484375 0.04375
1 0.12734375 0.51015625 0.0453125 0.0421875
5 0.196875 0.51015625 0.06875 0.0421875
6 0.2625 0.5109375 0.065625 0.04375
0 0.58359375 0.75546875 0.015625 0.046875
5 0.59609375 0.76171875 0.009375 0.040625
8 0.60703125 0.76328125 0.0140625 0.0375
2 0.62109375 0.76640625 0.009375 0.0421875
0 0.75234375 0.82265625 0.00625 0.0296875
5 0.59609375 0.7625 0.009375 0.0375
5 0.7671875 0.828125 0.009375 0.03125
2 0.7453125 0.8203125 0.00625 0.0296875
3 0.759375 0.825 0.00625 0.03125