2 0.33515625 0.09921875 0.0359375 0.059375
2 0.39140625 0.1046875 0.034375 0.0546875
5 0.4484375 0.109375 0.040625 0.059375
3 0.50703125 0.1234375 0.034375 0.04375
2 0.50859375 0.0890625 0.0375 0.0265625
0 0.59921875 0.17734375 0.0109375 0.025
0 0.615625 0.17734375 0.0125 0.025
4 0.6328125 0.1796875 0.015625 0.0265625
4 0.64921875 0.18046875 0.0125 0.0203125
1 0.125 0.57890625 0.0203125 0.0578125
1 0.2015625 0.58359375 0.0265625 0.05625
8 0.1625 0.5984375 0.028125 0.0546875
9 0.24140625 0.590625 0.034375 0.053125
0 0.23984375 0.63984375 0.0296875 0.040625
8 0.57890625 0.65703125 0.0390625 0.0859375