2 0.4609375 0.0171875 0.028125 0.034375
5 0.4828125 0.0171875 0.021875 0.034375
3 0.50546875 0.0203125 0.0203125 0.040625
0 0.52578125 0.0203125 0.0234375 0.040625
0 0.746875 0.08671875 0.0203125 0.0484375
5 0.76015625 0.0921875 0.0125 0.040625
8 0.77109375 0.09296875 0.0171875 0.0390625
2 0.78515625 0.09453125 0.0125 0.0421875
0 0.9203125 0.14140625 0.009375 0.0296875
5 0.76015625 0.09296875 0.0125 0.0390625
5 0.93515625 0.14609375 0.0109375 0.03125
2 0.9125 0.13984375 0.0078125 0.0296875
3 0.92734375 0.14375 0.0078125 0.03125
2 0.7328125 0.76171875 0.021875 0.03125
1 0.75703125 0.7578125 0.0171875 0.028125
7 0.78203125 0.7578125 0.0203125 0.0359375
0 0.80703125 0.75625 0.021875 0.0328125