0 0.1609375 0.04609375 0.0375 0.06875
0 0.19921875 0.0515625 0.0390625 0.0703125
1 0.23828125 0.05703125 0.0328125 0.065625
4 0.2796875 0.08828125 0.053125 0.0765625
2 0.71171875 0.29140625 0.059375 0.1078125
0 0.7546875 0.3015625 0.0515625 0.0828125
7 0.79609375 0.31484375 0.046875 0.078125
8 0.83671875 0.2953125 0.0578125 0.071875
9 0.8328125 0.35859375 0.0625 0.0796875
2 0.28828125 0.503125 0.05 0.0734375
1 0.34609375 0.51328125 0.040625 0.06875
5 0.41328125 0.5265625 0.053125 0.06875
2 0.48671875 0.50859375 0.0421875 0.046875
3 0.47734375 0.553125 0.0421875 0.053125
3 0.615625 0.7125 0.0390625 0.0703125
2 0.6546875 0.71953125 0.0359375 0.065625
0 0.7390625 0.75546875 0.0484375 0.0734375
9 0.74609375 0.70234375 0.0453125 0.0515625
4 0.7046875 0.69453125 0.0453125 0.078125
5 0.6953125 0.75 0.0328125 0.05625