1 0.4328125 0.009375 0.053125 0.01875
5 0.49453125 0.015625 0.0609375 0.03125
2 0.58828125 0.2203125 0.04375 0.0703125
1 0.646875 0.22421875 0.034375 0.065625
5 0.71484375 0.2296875 0.046875 0.0640625
6 0.7921875 0.2328125 0.053125 0.0703125
0 0.33984375 0.5671875 0.03125 0.0671875
0 0.37890625 0.56875 0.0328125 0.0671875
1 0.41796875 0.56953125 0.0265625 0.0640625
3 0.4625 0.58125 0.0453125 0.0734375
0 0.7375 0.58125 0.0328125 0.065625
0 0.77734375 0.5796875 0.0328125 0.0546875
0 0.8609375 0.559375 0.0359375 0.0515625
1 0.81953125 0.58046875 0.0265625 0.065625
1 0.859375 0.615625 0.034375 0.0515625