2 0.26875 0.09140625 0.0359375 0.0828125
2 0.3953125 0.1046875 0.040625 0.0828125
9 0.35 0.09921875 0.0328125 0.075
0 0.3109375 0.09140625 0.0359375 0.0765625
2 0.765625 0.19140625 0.04375 0.0875
6 0.80234375 0.20078125 0.0484375 0.078125
9 0.84609375 0.20234375 0.0453125 0.071875
9 0.890625 0.24375 0.0484375 0.0578125
8 0.89140625 0.1859375 0.0515625 0.0625
1 0.4296875 0.75859375 0.0109375 0.021875
1 0.47578125 0.7140625 0.0125 0.025
0 0.44296875 0.7421875 0.015625 0.0234375
0 0.4609375 0.7265625 0.0125 0.0203125