3 0.390625 0.13828125 0.04375 0.071875
2 0.42890625 0.14921875 0.0390625 0.065625
3 0.51875 0.12578125 0.040625 0.0765625
2 0.46953125 0.159375 0.0453125 0.0796875
4 0.5078125 0.196875 0.0515625 0.075
1 0.140625 0.50859375 0.0328125 0.059375
8 0.178125 0.5359375 0.0390625 0.065625
3 0.2140625 0.5421875 0.0390625 0.065625
3 0.259375 0.5328125 0.0359375 0.046875
3 0.25 0.58046875 0.04375 0.059375
2 0.59765625 0.59921875 0.0546875 0.075
1 0.65390625 0.61328125 0.0453125 0.0703125
5 0.7203125 0.63046875 0.05625 0.0703125
1 0.7921875 0.62578125 0.0421875 0.065625
2 0.78515625 0.66640625 0.040625 0.034375