2 0.24765625 0.0296875 0.0515625 0.059375
1 0.31171875 0.021875 0.0421875 0.04375
5 0.37265625 0.01796875 0.0546875 0.0359375
0 0.528125 0.2 0.040625 0.0703125
0 0.565625 0.19453125 0.0421875 0.0703125
1 0.60625 0.18359375 0.034375 0.065625
1 0.64140625 0.15 0.0421875 0.06875
2 0.6546875 0.209375 0.0515625 0.065625
2 0.21484375 0.72421875 0.0515625 0.0296875
1 0.2734375 0.71796875 0.04375 0.0171875
1 0.48046875 0.78046875 0.0421875 0.06875
5 0.5421875 0.77109375 0.0546875 0.0703125
8 0.61328125 0.73359375 0.0546875 0.0484375
9 0.6203125 0.771875 0.053125 0.0421875