0 0.09453125 0.11796875 0.04375 0.071875
0 0.13046875 0.128125 0.0453125 0.071875
1 0.17734375 0.10234375 0.0375 0.065625
9 0.21875 0.1125 0.0578125 0.078125
0 0.203125 0.17109375 0.046875 0.0640625
2 0.1640625 0.159375 0.0375 0.05
2 0.50234375 0.34765625 0.05 0.078125
0 0.54375 0.3515625 0.0484375 0.0765625
3 0.5796875 0.365625 0.053125 0.084375
7 0.62109375 0.3765625 0.0578125 0.0890625
1 0.26171875 0.7171875 0.05 0.0828125
9 0.296875 0.74140625 0.046875 0.0734375
0 0.3265625 0.7484375 0.025 0.0625
0 0.48984375 0.5828125 0.04375 0.071875
0 0.52578125 0.59296875 0.0453125 0.071875
1 0.5671875 0.6 0.0375 0.065625
1 0.6125 0.58515625 0.04375 0.0703125
2 0.6 0.64375 0.053125 0.0671875