2 0.20625 0.01171875 0.040625 0.0234375
8 0.24375 0.02734375 0.05625 0.0546875
2 0.64765625 0.03203125 0.0359375 0.0640625
2 0.6828125 0.03828125 0.05 0.0765625
2 0.728125 0.0390625 0.053125 0.078125
2 0.1046875 0.75234375 0.0421875 0.0609375
2 0.1609375 0.7671875 0.046875 0.0578125
4 0.21640625 0.7796875 0.040625 0.05625
5 0.27421875 0.79609375 0.04375 0.053125
4 0.28046875 0.75859375 0.04375 0.0375
1 0.7484375 0.76953125 0.046875 0.08125
9 0.78671875 0.78515625 0.04375 0.071875
0 0.8578125 0.83671875 0.0421875 0.065625
7 0.82890625 0.76875 0.0390625 0.0546875
9 0.86953125 0.778125 0.046875 0.075
8 0.8203125 0.81640625 0.0375 0.0484375