0 0.28671875 0.03046875 0.0421875 0.0609375
0 0.3265625 0.02421875 0.04375 0.0484375
1 0.36328125 0.01640625 0.0359375 0.0328125
6 0.4203125 0.03203125 0.0578125 0.0625
2 0.73203125 0.27265625 0.0546875 0.075
1 0.79453125 0.259375 0.04375 0.0703125
5 0.85546875 0.24765625 0.05625 0.0703125
7 0.92265625 0.2015625 0.0546875 0.0640625
8 0.93515625 0.24921875 0.0546875 0.046875
9 0.0625 0.721875 0.0515625 0.075
8 0.04921875 0.67109375 0.0484375 0.053125
4 0.01875 0.70078125 0.0375 0.0796875
3 0.7015625 0.6375 0.04375 0.0375
2 0.73984375 0.6328125 0.0390625 0.028125
3 0.83671875 0.646875 0.0515625 0.05625
4 0.7828125 0.63046875 0.05 0.0234375