2 0.01875 0.08125 0.0375 0.075
1 0.06796875 0.06875 0.0453125 0.0703125
5 0.134375 0.0546875 0.0578125 0.071875
6 0.2 0.01796875 0.065625 0.0359375
7 0.2125 0.05 0.05 0.05
3 0.67890625 0.1328125 0.0453125 0.0734375
2 0.71640625 0.125 0.040625 0.065625
3 0.8078125 0.1140625 0.053125 0.075
3 0.76171875 0.1125 0.04375 0.0640625
2 0.02421875 0.80546875 0.0484375 0.0703125
5 0.065625 0.79375 0.0515625 0.075
2 0.4140625 0.83671875 0.0515625 0.0671875
2 0.4703125 0.82734375 0.05 0.065625
4 0.52734375 0.8140625 0.0453125 0.0578125
9 0.584375 0.80625 0.046875 0.059375