7 0.02109375 0.24140625 0.0421875 0.0765625
8 0.03359375 0.2875 0.0484375 0.046875
9 0.515625 0.23671875 0.0359375 0.0625
9 0.5546875 0.2234375 0.040625 0.0625
0 0.56328125 0.28125 0.040625 0.0625
8 0.49453125 0.2875 0.0109375 0.0375
0 0.5234375 0.28125 0.034375 0.046875
0 0.03203125 0.6453125 0.040625 0.0703125
0 0.0734375 0.64140625 0.0421875 0.0703125
1 0.1125 0.62734375 0.034375 0.065625
7 0.14453125 0.5921875 0.040625 0.0625
8 0.15625 0.64765625 0.0515625 0.065625
8 0.6546875 0.3703125 0.046875 0.040625
2 0.49921875 0.39453125 0.0203125 0.0609375
2 0.5453125 0.38671875 0.046875 0.059375
4 0.6 0.37578125 0.040625 0.0515625