1 0.34765625 0.13671875 0.034375 0.06875
7 0.38828125 0.14921875 0.0390625 0.0671875
8 0.42890625 0.1515625 0.0375 0.059375
2 0.459375 0.11484375 0.01875 0.0484375
3 0.4640625 0.16015625 0.009375 0.0609375
8 0.85078125 0.34140625 0.0390625 0.0734375
3 0.89296875 0.33984375 0.034375 0.0625
2 0.93203125 0.33125 0.04375 0.0671875
5 0.97578125 0.32578125 0.04375 0.071875
1 0.48046875 0.86953125 0.0234375 0.0671875
8 0.51015625 0.87421875 0.0375 0.0734375
9 0.5484375 0.87578125 0.04375 0.0796875
4 0.5921875 0.87109375 0.05 0.08125