3 0.5515625 0.34140625 0.034375 0.06875
2 0.58984375 0.3453125 0.0296875 0.0625
7 0.67421875 0.3828125 0.0421875 0.0703125
3 0.6328125 0.34453125 0.034375 0.0609375
6 0.68203125 0.32265625 0.0421875 0.05
9 0.15703125 0.8375 0.021875 0.0578125
3 0.18984375 0.8484375 0.0203125 0.0578125
3 0.2203125 0.85625 0.021875 0.0578125
2 0.253125 0.8671875 0.0203125 0.0578125
2 0.640625 0.63671875 0.04375 0.0546875
1 0.69921875 0.63828125 0.0359375 0.0578125
5 0.76640625 0.64140625 0.0484375 0.0640625
2 0.8375 0.6328125 0.040625 0.046875
3 0.834375 0.6625 0.0375 0.05