1 0.33984375 0.3390625 0.0265625 0.05625
9 0.375 0.36171875 0.0421875 0.0703125
9 0.41328125 0.3703125 0.0390625 0.0640625
6 0.45546875 0.3609375 0.0375 0.0546875
7 0.44921875 0.40625 0.040625 0.0515625
8 0.59765625 0.18984375 0.0359375 0.0890625
7 0.63046875 0.196875 0.05 0.0828125
3 0.6703125 0.23515625 0.0625 0.0796875
1 0.28046875 0.49609375 0.0125 0.021875
0 0.29609375 0.48125 0.0171875 0.025
0 0.3140625 0.4734375 0.015625 0.009375
1 0.92109375 0.53203125 0.0390625 0.0640625
7 0.96015625 0.54921875 0.040625 0.0703125
9 0.98515625 0.5625 0.0296875 0.078125