2 0.1 0.234375 0.0484375 0.071875
1 0.16328125 0.24296875 0.0375 0.06875
5 0.225 0.253125 0.0515625 0.0671875
8 0.3015625 0.25859375 0.0578125 0.0921875
2 0.5921875 0.04296875 0.0421875 0.0765625
0 0.634375 0.0421875 0.040625 0.075
3 0.67109375 0.0515625 0.0453125 0.08125
7 0.71328125 0.05703125 0.0484375 0.0859375
0 0.415625 0.66875 0.0359375 0.06875
0 0.45625 0.67109375 0.0375 0.06875
1 0.49609375 0.675 0.03125 0.065625
8 0.5328125 0.65546875 0.034375 0.0609375
9 0.52890625 0.7171875 0.0421875 0.059375
1 0.92421875 0.82265625 0.0421875 0.0796875
9 0.96171875 0.83828125 0.0390625 0.0703125
4 0.9921875 0.84296875 0.015625 0.0609375