3 0.04921875 0.175 0.040625 0.071875
2 0.0875 0.184375 0.0359375 0.065625
9 0.16875 0.2296875 0.0484375 0.0734375
8 0.1765625 0.1765625 0.046875 0.0515625
4 0.13125 0.18984375 0.046875 0.0796875
0 0.5765625 0.06171875 0.0390625 0.0703125
0 0.6171875 0.07265625 0.040625 0.0703125
1 0.65625 0.07890625 0.034375 0.065625
8 0.6953125 0.0828125 0.0515625 0.065625
9 0.690625 0.13203125 0.040625 0.040625
0 0.02109375 0.6828125 0.0390625 0.06875
0 0.06015625 0.6890625 0.040625 0.0703125
1 0.0984375 0.69453125 0.0328125 0.065625
3 0.14453125 0.69296875 0.053125 0.0765625
4 0.13984375 0.7484375 0.0484375 0.0515625
0 0.6421875 0.971875 0.0140625 0.025
0 0.6578125 0.97421875 0.015625 0.025
4 0.675 0.978125 0.01875 0.028125
4 0.690625 0.98125 0.015625 0.021875