0 0.25390625 0.06015625 0.03125 0.065625
0 0.29296875 0.06640625 0.03125 0.0546875
0 0.3765625 0.053125 0.034375 0.0515625
1 0.33515625 0.0671875 0.025 0.065625
1 0.3765625 0.10625 0.0328125 0.0390625
7 0.6921875 0.2375 0.025 0.059375
8 0.69453125 0.29375 0.0296875 0.059375
3 0.39296875 0.8875 0.03125 0.06875
2 0.43203125 0.88984375 0.028125 0.0625
0 0.5203125 0.91484375 0.040625 0.06875
9 0.5203125 0.86171875 0.040625 0.046875
4 0.478125 0.85859375 0.0375 0.075
5 0.4765625 0.91484375 0.0265625 0.053125