0 0.071875 0.1890625 0.0375 0.0703125
0 0.11171875 0.18046875 0.0390625 0.06875
1 0.15078125 0.17421875 0.03125 0.065625
9 0.19375 0.18984375 0.0515625 0.075
2 0.26328125 0.6078125 0.04375 0.0953125
1 0.31953125 0.60625 0.046875 0.0671875
9 0.3828125 0.59765625 0.0421875 0.065625
4 0.4375 0.58671875 0.0390625 0.0640625
0 0.7578125 0.76953125 0.0375 0.0703125
0 0.79921875 0.759375 0.0390625 0.0703125
1 0.83671875 0.75078125 0.03125 0.065625
4 0.88203125 0.74140625 0.0515625 0.0765625
5 0.890625 0.7890625 0.0453125 0.0484375