0 0.28125 0.05546875 0.034375 0.06875
0 0.3203125 0.05859375 0.0359375 0.06875
1 0.359375 0.0625 0.0296875 0.0640625
3 0.40546875 0.0578125 0.0484375 0.075
4 0.40390625 0.11328125 0.0453125 0.05
2 0.58125 0.01875 0.040625 0.0375
2 0.6375 0.02265625 0.040625 0.0453125
2 0.69609375 0.028125 0.0359375 0.05
6 0.753125 0.0421875 0.0375 0.0515625
2 0.803125 0.790625 0.046875 0.071875
1 0.86171875 0.79765625 0.0375 0.0671875
5 0.92890625 0.80703125 0.05 0.0671875
2 0.99140625 0.7734375 0.0171875 0.046875
3 0.9875 0.82265625 0.025 0.0671875