0 0.0921875 0.15859375 0.0359375 0.0671875
0 0.13125 0.15 0.0359375 0.05625
1 0.1734375 0.1453125 0.0296875 0.0671875
1 0.21875 0.1640625 0.0421875 0.0796875
1 0.846875 0.3140625 0.015625 0.028125
1 0.90703125 0.31171875 0.015625 0.025
3 0.865625 0.3125 0.015625 0.028125
2 0.88671875 0.3125 0.01875 0.0328125
3 0.39765625 0.90625 0.0359375 0.0703125
2 0.4359375 0.89921875 0.03125 0.0640625
5 0.4796875 0.89609375 0.0453125 0.0765625
8 0.525 0.921875 0.0453125 0.0640625
7 0.515625 0.86484375 0.03125 0.0453125
0 0.625 0.6390625 0.03125 0.06875
0 0.665625 0.63203125 0.0359375 0.06875
1 0.70390625 0.62421875 0.0296875 0.0640625
5 0.7515625 0.64296875 0.0578125 0.0765625