3 0.040625 0.24140625 0.0421875 0.0703125
2 0.04296875 0.17265625 0.0421875 0.0484375
4 0.009375 0.18984375 0.01875 0.0765625
1 0.7484375 0.13359375 0.028125 0.065625
8 0.78671875 0.15234375 0.0265625 0.05625
2 0.82421875 0.15703125 0.028125 0.0578125
5 0.86484375 0.18125 0.034375 0.0640625
1 0.21171875 0.50390625 0.009375 0.0203125
9 0.225 0.50390625 0.0109375 0.0203125
5 0.2390625 0.5046875 0.0109375 0.021875
7 0.2546875 0.50546875 0.0125 0.0234375
0 0.496875 0.690625 0.015625 0.06875
1 0.5265625 0.69296875 0.0265625 0.0640625
4 0.57109375 0.7203125 0.046875 0.0734375