3 0.275 0.38125 0.0359375 0.0703125
2 0.315625 0.384375 0.03125 0.0640625
3 0.396875 0.43515625 0.04375 0.0703125
2 0.40078125 0.37265625 0.04375 0.05
4 0.359375 0.3890625 0.0421875 0.0765625
0 0.88828125 0.13828125 0.034375 0.06875
0 0.92890625 0.14609375 0.0359375 0.06875
1 0.9703125 0.14453125 0.0296875 0.0640625
7 0.99609375 0.11953125 0.0078125 0.0609375
8 0.99140625 0.1765625 0.0171875 0.0625
4 0.39296875 0.84140625 0.0171875 0.0375
2 0.421875 0.84375 0.015625 0.0375
2 0.45 0.84609375 0.0171875 0.0375
5 0.478125 0.85078125 0.0171875 0.0390625