2 0.709375 0.153125 0.0421875 0.06875
1 0.76796875 0.15234375 0.0328125 0.065625
5 0.8359375 0.15234375 0.0453125 0.0640625
7 0.91015625 0.128125 0.04375 0.075
0 0.2859375 0.3875 0.0296875 0.0671875
0 0.32734375 0.390625 0.03125 0.0671875
1 0.36796875 0.3828125 0.025 0.0625
8 0.40625 0.3953125 0.04375 0.059375
0 0.6015625 0.36484375 0.03125 0.0515625
0 0.6421875 0.36328125 0.03125 0.0484375
0 0.725 0.353125 0.034375 0.028125
1 0.684375 0.36484375 0.025 0.0515625
1 0.728125 0.3953125 0.0328125 0.040625