4 0.2515625 0.00390625 0.01875 0.0078125
7 0.27109375 0.00859375 0.0203125 0.0171875
3 0.85234375 0.21484375 0.0515625 0.0734375
3 0.94140625 0.23046875 0.0546875 0.075
1 0.9 0.22109375 0.04375 0.075
8 0.97734375 0.259375 0.0453125 0.0875
2 0.23359375 0.834375 0.065625 0.084375
1 0.29375 0.8484375 0.0625 0.0921875
5 0.36484375 0.84140625 0.0640625 0.0734375
9 0.42734375 0.853125 0.0640625 0.075
2 0.84765625 0.81171875 0.05625 0.084375
0 0.8859375 0.8203125 0.0484375 0.0828125
0 0.96953125 0.84609375 0.0609375 0.0953125
7 0.92734375 0.83515625 0.0546875 0.084375
1 0.95390625 0.8921875 0.0484375 0.0546875