1 0.8515625 0.353125 0.0390625 0.0796875
9 0.88984375 0.3671875 0.0375 0.0703125
4 0.9296875 0.3703125 0.03125 0.0609375
4 0.96484375 0.4 0.0359375 0.0625
3 0.971875 0.35234375 0.034375 0.0453125
4 0.41015625 0.79921875 0.0078125 0.0109375
4 0.41796875 0.80078125 0.0078125 0.015625
5 0.4265625 0.80078125 0.00625 0.009375
8 0.43515625 0.80546875 0.00625 0.0140625
2 0.5453125 0.74453125 0.0765625 0.10625
1 0.609375 0.7546875 0.053125 0.0875
5 0.67890625 0.76015625 0.0546875 0.0875
5 0.74609375 0.75859375 0.0609375 0.090625