1 0.59453125 0.13046875 0.0359375 0.078125
9 0.63359375 0.146875 0.034375 0.06875
2 0.67265625 0.14609375 0.028125 0.059375
9 0.7140625 0.16953125 0.0328125 0.0609375
8 0.7140625 0.12421875 0.03125 0.04375
2 0.1671875 0.4609375 0.0359375 0.0625
2 0.2234375 0.46484375 0.034375 0.0546875
4 0.28046875 0.46640625 0.0375 0.0515625
2 0.3453125 0.4453125 0.0390625 0.040625
3 0.34453125 0.47890625 0.034375 0.0359375
4 0.8015625 0.82890625 0.00625 0.0109375
4 0.809375 0.83125 0.0078125 0.015625
5 0.81796875 0.83046875 0.00625 0.009375
8 0.8265625 0.83515625 0.00625 0.0140625