2 0.259375 0.30546875 0.0265625 0.0625
1 0.2875 0.30390625 0.0234375 0.0671875
6 0.31953125 0.31328125 0.028125 0.05625
2 0.35 0.31796875 0.0234375 0.0515625
3 0.3765625 0.31953125 0.028125 0.05625
0 0.5609375 0.19765625 0.03125 0.0671875
0 0.603125 0.19609375 0.0328125 0.0671875
1 0.64375 0.20546875 0.0265625 0.0640625
6 0.68984375 0.20390625 0.05 0.0671875
7 0.68515625 0.253125 0.0390625 0.034375
2 0.09609375 0.5953125 0.04375 0.0703125
1 0.1546875 0.59921875 0.034375 0.065625
5 0.22265625 0.6046875 0.046875 0.0640625
6 0.3 0.6078125 0.053125 0.0703125