0 0.003125 0.4703125 0.00625 0.025
0 0.01640625 0.4671875 0.0140625 0.025
4 0.03359375 0.46640625 0.0171875 0.028125
4 0.05 0.4640625 0.0140625 0.021875
5 0.51171875 0.11640625 0.0453125 0.0765625
9 0.2953125 0.53046875 0.05 0.0734375
9 0.253125 0.5359375 0.040625 0.0765625
8 0.21640625 0.53984375 0.0453125 0.0703125
1 0.17734375 0.5390625 0.040625 0.06875
0 0.771875 0.5 0.0375 0.021875
0 0.80859375 0.496875 0.0390625 0.015625
2 0.8484375 0.5015625 0.040625 0.025
1 0.8921875 0.5046875 0.046875 0.03125