2 0.771875 0.234375 0.046875 0.071875
1 0.8359375 0.24140625 0.0375 0.0671875
5 0.89765625 0.25078125 0.05 0.0671875
8 0.9734375 0.26484375 0.053125 0.0671875
1 0.1484375 0.48515625 0.025 0.0578125
7 0.1859375 0.49921875 0.0328125 0.0609375
8 0.22421875 0.50546875 0.0328125 0.0609375
3 0.26875 0.5 0.0359375 0.0609375
4 0.2640625 0.54765625 0.034375 0.0421875
3 0.60390625 0.4078125 0.0421875 0.0703125
3 0.69453125 0.4109375 0.046875 0.0703125
1 0.65234375 0.40703125 0.0359375 0.0734375
8 0.7421875 0.43359375 0.0515625 0.0828125