0 0.18203125 0.04375 0.0265625 0.05
5 0.19296875 0.05234375 0.0171875 0.0421875
8 0.203125 0.05625 0.021875 0.0390625
2 0.21640625 0.06171875 0.01875 0.04375
0 0.3328125 0.14453125 0.0125 0.0296875
5 0.1921875 0.053125 0.01875 0.040625
5 0.34609375 0.153125 0.015625 0.0328125
2 0.3265625 0.140625 0.0109375 0.03125
3 0.3390625 0.1484375 0.0125 0.03125
1 0.5765625 0.1265625 0.034375 0.059375
8 0.60859375 0.15234375 0.0359375 0.0578125
0 0.6484375 0.159375 0.0375 0.05625
8 0.68359375 0.190625 0.040625 0.0640625