2 0.24765625 0.34296875 0.02421875 0.06171875
5 0.2703125 0.3484375 0.01796875 0.053125
3 0.2921875 0.3578125 0.0171875 0.05234375
0 0.3125 0.3609375 0.0203125 0.05
0 0.52734375 0.44609375 0.01640625 0.04765625
5 0.53984375 0.45234375 0.009375 0.040625
8 0.55078125 0.45390625 0.0140625 0.0375
2 0.56484375 0.45703125 0.01015625 0.0421875
0 0.51875 0.98671875 0.0109375 0.02578125
0 0.54296875 0.98828125 0.009375 0.0234375
0 0.55390625 0.98671875 0.0109375 0.025
0 0.68671875 0.94375 0.0078125 0.02890625
0 0.69453125 0.940625 0.00625 0.028125
0 0.70078125 0.9375 0.00625 0.0296875
0 0.70859375 0.9359375 0.0078125 0.0265625
0 0.69609375 0.51328125 0.00703125 0.0296875
0 0.70546875 0.11875 0.00703125 0.0296875
5 0.53984375 0.453125 0.01015625 0.03828125
5 0.7109375 0.51875 0.00859375 0.03125
5 0.6921875 0.10546875 0.0078125 0.034375
8 0.6984375 0.1125 0.00703125 0.034375
2 0.7125 0.1265625 0.00703125 0.034375
2 0.6890625 0.5109375 0.00546875 0.0296875
3 0.703125 0.515625 0.00546875 0.03125
3 0.53046875 0.98671875 0.0109375 0.02578125