2 0.2046875 0.1703125 0.028125 0.0625
5 0.22734375 0.17421875 0.021875 0.0546875
3 0.25 0.18203125 0.0203125 0.053125
0 0.2703125 0.18359375 0.0234375 0.05
2 0.90625 0.10390625 0.021875 0.03125
1 0.93046875 0.1 0.0171875 0.028125
7 0.95546875 0.1 0.0203125 0.0359375
0 0.98046875 0.0984375 0.021875 0.0328125
7 0.0203125 0.50546875 0.028125 0.0328125
8 0.0609375 0.5046875 0.03125 0.03125
3 0.103125 0.49921875 0.0375 0.0203125
4 0.10703125 0.5296875 0.0359375 0.0421875
1 0.55078125 0.584375 0.0375 0.078125
9 0.590625 0.5921875 0.0359375 0.06875
3 0.63046875 0.58984375 0.0296875 0.0609375
6 0.66953125 0.61328125 0.0359375 0.0625
5 0.66953125 0.56484375 0.034375 0.0453125