1 0.3671875 0.3078125 0.0140625 0.021875
1 0.39921875 0.25234375 0.015625 0.0265625
0 0.37578125 0.28828125 0.01875 0.025
0 0.38828125 0.26875 0.015625 0.021875
0 0.8703125 0.0203125 0.040625 0.040625
0 0.90703125 0.015625 0.0421875 0.03125
1 0.9453125 0.01015625 0.034375 0.0203125
4 0.98984375 0.02421875 0.0203125 0.0484375
2 0.009375 0.846875 0.01875 0.08125
2 0.0828125 0.8375 0.0453125 0.075
6 0.040625 0.8546875 0.0515625 0.08125
7 0.1234375 0.83125 0.0640625 0.0921875
2 0.76484375 0.84140625 0.0546875 0.084375
0 0.803125 0.83203125 0.0453125 0.0828125
0 0.8921875 0.8171875 0.065625 0.09375
7 0.84609375 0.82734375 0.0515625 0.0828125
1 0.8953125 0.8671875 0.0484375 0.053125