1 0.228125 0.0703125 0.034375 0.0546875
0 0.2703125 0.07890625 0.0328125 0.0546875
4 0.31328125 0.0859375 0.0328125 0.0578125
7 0.35234375 0.08359375 0.0328125 0.0484375
1 0.83515625 0.2640625 0.040625 0.0703125
9 0.87421875 0.2859375 0.0453125 0.0703125
3 0.91640625 0.290625 0.0453125 0.0796875
2 0.95859375 0.29765625 0.0515625 0.078125
7 0.08203125 0.53984375 0.0421875 0.0203125
4 0.1421875 0.54296875 0.04375 0.0265625
2 0.709375 0.6734375 0.0484375 0.0734375
1 0.77265625 0.68359375 0.0390625 0.06875
5 0.834375 0.69453125 0.0515625 0.06875
7 0.91328125 0.67578125 0.0515625 0.0625
8 0.90703125 0.72421875 0.0515625 0.04375