4 0.2140625 0.19609375 0.028125 0.0421875
8 0.24296875 0.19375 0.0296875 0.0484375
7 0.26796875 0.18671875 0.028125 0.0453125
3 0.29609375 0.17734375 0.03125 0.05
2 0.8 0.24921875 0.0546875 0.08125
2 0.88828125 0.23671875 0.0484375 0.075
6 0.84765625 0.25546875 0.0546875 0.0828125
7 0.9296875 0.2296875 0.065625 0.09375
2 0.2375 0.6484375 0.0625 0.109375
0 0.275 0.6421875 0.065625 0.0953125
7 0.32265625 0.63515625 0.05625 0.0921875
3 0.35703125 0.60546875 0.059375 0.078125
4 0.37421875 0.66796875 0.0625 0.0796875