0 0.20390625 0.30390625 0.03125 0.0515625
0 0.2375 0.3078125 0.0296875 0.046875
0 0.27109375 0.3125 0.025 0.053125
0 0.30546875 0.31328125 0.028125 0.0421875
2 0.80234375 0.071875 0.04375 0.0703125
1 0.8609375 0.07578125 0.034375 0.065625
5 0.92890625 0.08125 0.046875 0.0640625
2 0.98984375 0.09296875 0.0203125 0.0515625
0 0.00390625 0.71015625 0.0078125 0.0671875
1 0.0328125 0.70703125 0.0265625 0.0640625
6 0.071875 0.69140625 0.0421875 0.0484375
7 0.06953125 0.74296875 0.0453125 0.059375
3 0.49375 0.7078125 0.009375 0.06875
2 0.52109375 0.71171875 0.0296875 0.0625
3 0.6078125 0.7625 0.040625 0.06875
2 0.609375 0.69375 0.0421875 0.0484375
4 0.565625 0.7125 0.0375 0.075