2 0.5859375 0.16796875 0.05 0.0734375
1 0.64375 0.159375 0.040625 0.06875
5 0.71171875 0.1515625 0.053125 0.06875
1 0.77578125 0.1125 0.0359375 0.0421875
2 0.78359375 0.1484375 0.04375 0.0546875
1 0.30234375 0.55 0.0453125 0.075
8 0.34375 0.5546875 0.040625 0.0703125
1 0.38046875 0.5453125 0.0375 0.065625
2 0.4234375 0.5484375 0.05 0.0703125
0 0.7859375 0.5421875 0.0375 0.065625
0 0.82734375 0.540625 0.0390625 0.0625
1 0.86640625 0.53671875 0.0328125 0.0546875
8 0.9046875 0.53125 0.05 0.04375
9 0.915625 0.5703125 0.0390625 0.040625